403
3
1
,bb0,LM,lat,lon,date
0,2.602905281367744,1.5558472676663615,18.82,-21.77,2011-01-27 00:10:00
1,250.10065141211453,5.5517209882064895,-141.88,-67.78,2011-01-27 00:35:00
2,1.334027544655636,1.189282644468322,-173.18,18.91,2011-01-27 01:00:00
3,1319.7820553855076,0.0,28.58,70.06,2011-01-27 01:25:00
4,1.8780629090021592,1.4148903936187192,-5.28,-16.55,2011-01-27 01:50:00
5,2225.6677025883455,0.0,-159.87,-72.48,2011-01-27 02:15:00
6,1.0516512644848557,0.0,162.69,13.69,2011-01-27 02:40:00
7,-3.896807022053825e-27,0.0,12.48,74.63,2011-01-27 03:05:00
8,1.197526546173473,1.261672850227248,-29.44,-11.35,2011-01-27 03:30:00
9,-4.157276458116483e-27,0.0,-173.21,-76.77,2011-01-27 03:55:00
10,1.0000000116189616,0.0,138.52,8.47,2011-01-27 04:20:00
11,-3.945495458350372e-27,0.0,2.94,78.58,2011-01-27 04:45:00
12,1.0147630133060987,1.2003180825554873,-53.62,-6.13,2011-01-27 05:10:00
13,-4.109168935697743e-27,0.0,-177.48,-80.1,2011-01-27 05:35:00
14,1.0337006456397277,0.0,114.33,3.24,2011-01-27 06:00:00
15,-3.979556813991538e-27,0.0,4.91,81.04,2011-01-27 06:25:00
16,1.2435821881288138,1.2287969082248191,-77.81,-0.9,2011-01-27 06:50:00
17,-4.054151171907605e-27,0.0,-170.25,-81.27,2011-01-27 07:15:00
18,1.1681277768912228,0.0,90.13,-1.99,2011-01-27 07:40:00
19,4811.671045992651,0.0,13.75,80.73,2011-01-27 08:05:00
20,1.3025513855418986,1.2019349908527788,-102.01,4.32,2011-01-27 08:30:00
21,-4.066974279615777e-27,0.0,-164.95,-79.53,2011-01-27 08:55:00
22,1.3267775378557685,1.1467028835133073,65.94,-7.21,2011-01-27 09:20:00
23,1460.1724155528063,0.0,13.13,77.86,2011-01-27 09:45:00
24,1.3129718781240312,1.1910989582328786,-126.2,9.55,2011-01-27 10:10:00
25,-4.1601260282020944e-27,0.0,-171.6,-75.92,2011-01-27 10:35:00
26,1.5535452946876345,1.2681067974315245,41.76,-12.43,2011-01-27 11:00:00
27,863.2590613342737,11.219336768251042,1.87,73.74,2011-01-27 11:25:00
28,1.3344998420270187,1.1936925776347977,-150.36,14.77,2011-01-27 11:50:00
29,-4.2978362820666885e-27,0.0,173.8,-71.51,2011-01-27 12:15:00
30,2.105332764955524,1.4428162700078249,17.62,-17.65,2011-01-27 12:40:00
31,614.8163759173513,0.0,-15.08,69.09,2011-01-27 13:05:00
32,1.3772543632583234,1.1993264946556703,-174.48,19.99,2011-01-27 13:30:00
33,-4.426980714262109e-27,0.0,155.18,-66.75,2011-01-27 13:55:00
34,2.4512984510000044,1.5592488731202532,-6.47,-22.87,2011-01-27 14:20:00
35,454.57603844198195,7.670288027123605,-34.91,64.2,2011-01-27 14:45:00
36,1.5020061765208454,1.2062142146073287,161.47,25.21,2011-01-27 15:10:00
37,-4.477516329535236e-27,0.0,134.46,-61.81,2011-01-27 15:35:00
38,2.0406293905272057,1.515474654701923,-30.48,-28.07,2011-01-27 16:00:00
39,368.0669418060984,0.0,-56.32,59.19,2011-01-27 16:25:00
40,2.0008197631490874,1.2595280965588678,137.49,30.42,2011-01-27 16:50:00
41,-4.346980726252096e-27,0.0,112.54,-56.77,2011-01-27 17:15:00
42,1.6771391235497335,1.4314907058915878,-54.4,-33.27,2011-01-27 17:40:00
43,258.3266878031747,0.0,-78.65,54.09,2011-01-27 18:05:00
44,3.1524194302357498,1.3915283207768578,113.63,35.63,2011-01-27 18:30:00
45,429.1009394355448,6.180485598206568,89.89,-51.68,2011-01-27 18:55:00
46,2.036532554933225,1.4494495945980903,-78.18,-38.46,2011-01-27 19:20:00
47,89.60571294680017,4.005773914856185,-101.56,48.96,2011-01-27 19:45:00
48,5.220288340439017,1.6076937960812785,89.93,40.82,2011-01-27 20:10:00
49,51.663386053514174,3.50442678117543,66.76,-46.55,2011-01-27 20:35:00
50,3.789229648718419,1.633456220899195,-101.77,-43.63,2011-01-27 21:00:00
51,20.526004916756957,2.556478398659929,-124.87,43.79,2011-01-27 21:25:00
52,9.125480300729333,1.9404153578946297,66.46,46.0,2011-01-27 21:50:00
53,13.962611500929354,2.5354575614319055,43.31,-41.39,2011-01-27 22:15:00
54,9.278787254679505,2.0515537694108192,-125.1,-48.77,2011-01-27 22:40:00
55,6.354101607643873,1.8304321610250327,-148.45,38.61,2011-01-27 23:05:00
56,16.896930650150704,2.3974860411457724,43.3,51.15,2011-01-27 23:30:00
57,6.402281487747702,2.1211740422247036,19.63,-36.22,2011-01-27 23:55:00
58,32.085779919315954,2.9236968317078817,-148.04,-53.89,2011-01-28 00:20:00
59,2.892075965280806,1.4670133627125785,-172.23,33.41,2011-01-28 00:45:00
60,37.26779299750643,0.0,20.6,56.27,2011-01-28 01:10:00
61,3.7460130508697316,1.8092208560666707,-4.21,-31.03,2011-01-28 01:35:00
62,188.9303468160122,5.020090107975671,-170.42,-58.96,2011-01-28 02:00:00
63,1.754215161016514,1.259973310264665,163.86,28.2,2011-01-28 02:25:00
64,137.30146120721432,0.0,-1.4,61.33,2011-01-28 02:50:00
65,1.9496803391279611,1.489471355395959,-28.18,-25.84,2011-01-28 03:15:00
66,1204.9677468538846,0.0,168.1,-63.96,2011-01-28 03:40:00
67,1.3604923569287004,1.1424096157287316,139.85,22.99,2011-01-28 04:05:00
68,1925.07018985577,0.0,-22.24,66.3,2011-01-28 04:30:00
69,1.1305338401272598,1.2716057769523406,-52.23,-20.63,2011-01-28 04:55:00
70,-4.423855317811391e-27,0.0,148.14,-68.83,2011-01-28 05:20:00
71,1.1750051872324017,0.0,115.76,17.77,2011-01-28 05:45:00
72,-3.912289284366168e-27,0.0,-41.08,71.1,2011-01-28 06:10:00
73,1.0011036283348744,1.1949734402265595,-76.35,-15.42,2011-01-28 06:35:00
74,-4.312724419979337e-27,0.0,130.93,-73.47,2011-01-28 07:00:00
75,1.0416919888881881,0.0,91.62,12.54,2011-01-28 07:25:00
76,-3.996966065259464e-27,0.0,-56.1,75.57,2011-01-28 07:50:00
77,1.0000066143079802,1.1499665836101762,-100.51,-10.2,2011-01-28 08:15:00
78,-4.154940537102806e-27,0.0,119.12,-77.62,2011-01-28 08:40:00
79,1.001709543347371,0.0,67.45,7.32,2011-01-28 09:05:00
80,-4.0279293141459536e-27,0.0,-63.52,79.29,2011-01-28 09:30:00
81,1.0000153418576616,0.0,-124.69,-4.98,2011-01-28 09:55:00
82,-4.069049968345088e-27,0.0,117.52,-80.59,2011-01-28 10:20:00
83,1.0156326171213175,0.0,43.25,2.09,2011-01-28 10:45:00
84,-4.027087615048472e-27,0.0,-58.92,81.23,2011-01-28 11:10:00
85,1.0006578257930863,0.0,-148.89,0.24,2011-01-28 11:35:00
86,-4.086885766557428e-27,0.0,125.99,-81.12,2011-01-28 12:00:00
87,1.167498543533287,1.1753280219124014,19.06,-3.13,2011-01-28 12:25:00
88,-4.010525735102589e-27,0.0,-51.04,80.27,2011-01-28 12:50:00
89,1.0040815997562038,0.0,-173.09,5.47,2011-01-28 13:15:00
90,-4.164479542871378e-27,0.0,128.78,-78.85,2011-01-28 13:40:00
91,1.3680289056979027,1.2666342871908285,-5.14,-8.36,2011-01-28 14:05:00
92,-3.999948498364751e-27,0.0,-54.4,77.03,2011-01-28 14:30:00
93,1.013132087641992,0.0,162.73,10.69,2011-01-28 14:55:00
94,-4.221638542880732e-27,0.0,119.92,-75.0,2011-01-28 15:20:00
95,1.2691564718398316,1.287796342968437,-29.3,-13.58,2011-01-28 15:45:00
96,-4.023211109388039e-27,0.0,-67.27,72.76,2011-01-28 16:10:00
97,1.0868482792477654,0.0,138.58,15.91,2011-01-28 16:35:00
98,-4.1641819241087395e-27,0.0,104.19,-70.49,2011-01-28 17:00:00
99,1.080725741945459,1.2520459697525492,-53.43,-18.81,2011-01-28 17:25:00
100,1320.5999387937845,14.065898973317474,-85.0,68.03,2011-01-28 17:50:00
101,1.3291509101719243,0.0,114.47,21.13,2011-01-28 18:15:00
102,-3.9015712689592374e-27,0.0,85.0,-65.68,2011-01-28 18:40:00
103,1.1217059681208883,1.2373946816409112,-77.51,-24.0,2011-01-28 19:05:00
104,713.4609245385512,0.0,-105.26,63.1,2011-01-28 19:30:00
105,1.7575604118075037,1.1816740048672056,90.43,26.35,2011-01-28 19:55:00
106,1929.849553705223,9.280863624125026,63.96,-60.72,2011-01-28 20:20:00
107,1.5847119042235163,1.2938905465921153,-101.51,-29.2,2011-01-28 20:45:00
108,206.1291717391486,5.350737072623504,-126.91,58.07,2011-01-28 21:10:00
109,2.574192070533972,1.3319293015733427,66.48,31.56,2011-01-28 21:35:00
110,90.42358261872495,4.36617902754223,41.85,-55.67,2011-01-28 22:00:00
111,2.8641929739420133,1.4671414849394486,-125.4,-34.4,2011-01-28 22:25:00
112,36.05865444746966,3.060380552568908,-149.4,52.97,2011-01-28 22:50:00
113,3.8687674897053355,1.5349611222681283,42.65,36.76,2011-01-28 23:15:00
114,22.568121653600024,3.078164757366318,19.08,-50.57,2011-01-28 23:40:00
115,6.488479161845957,1.8168847131487607,-149.14,-39.6,2011-01-29 00:05:00
116,10.582456568300273,2.1277712869819116,-172.42,47.82,2011-01-29 00:30:00
117,5.887468016465943,0.0,18.99,41.95,2011-01-29 00:55:00
118,9.057419062304303,2.400851501940339,-4.12,-45.41,2011-01-29 01:20:00
119,20.29010498580044,2.5164904412170332,-172.68,-44.77,2011-01-29 01:45:00
120,4.948509414030161,1.6808071371334905,164.21,42.65,2011-01-29 02:10:00
121,11.369524050861886,0.0,-4.42,47.14,2011-01-29 02:35:00
122,3.986591423932289,1.867853946585275,-27.63,-40.25,2011-01-29 03:00:00
123,98.73130194204454,4.0520036103791615,164.06,-49.91,2011-01-29 03:25:00
124,3.2176141024523135,1.4421881307295448,140.58,37.46,2011-01-29 03:50:00
125,38.38358185269083,0.0,-27.49,52.29,2011-01-29 04:15:00
126,1.9006765291466772,1.4872620915909538,-51.35,-35.07,2011-01-29 04:40:00
127,577.9985120163358,7.578166993350933,141.23,-55.02,2011-01-29 05:05:00
128,2.4405170592689465,1.2981755547833418,116.77,32.26,2011-01-29 05:30:00
129,321.54654610458715,0.0,-50.06,57.39,2011-01-29 05:55:00
130,1.3351509165981559,1.3037147061668701,-75.23,-29.88,2011-01-29 06:20:00
131,1256.8714960833088,0.0,119.02,-60.08,2011-01-29 06:45:00
132,1.8252679303603019,1.1921480246787943,92.84,27.05,2011-01-29 07:10:00
133,-3.9954374754950874e-27,0.0,-71.85,62.44,2011-01-29 07:35:00
134,1.2933230657271095,1.2337665075389257,-99.22,-24.68,2011-01-29 08:00:00
135,-4.124870120800718e-27,0.0,97.81,-65.05,2011-01-29 08:25:00
136,1.45004418753491,1.1421053071139635,68.8,21.83,2011-01-29 08:50:00
137,-4.090649062033028e-27,0.0,-92.34,67.38,2011-01-29 09:15:00
138,1.2943475253243806,1.199451302707048,-123.28,-19.47,2011-01-29 09:40:00
139,2591.971032938288,0.0,78.32,-69.89,2011-01-29 10:05:00
140,1.2108540911104968,0.0,44.7,16.6,2011-01-29 10:30:00
141,-4.102801334217018e-27,0.0,-110.53,72.14,2011-01-29 10:55:00
142,1.2729225423043165,1.1715256230621884,-147.41,-14.25,2011-01-29 11:20:00
143,1050.4137645912974,12.722066124854072,62.01,-74.46,2011-01-29 11:45:00
144,1.0274089049744344,0.0,20.56,11.38,2011-01-29 12:10:00
145,-4.0967358858319644e-27,0.0,-124.28,76.49,2011-01-29 12:35:00
146,1.2329048502237867,1.1445684791368378,-171.57,-9.04,2011-01-29 13:00:00
147,903.1966743408691,0.0,52.01,-78.42,2011-01-29 13:25:00
148,1.003525150373507,0.0,-3.62,6.15,2011-01-29 13:50:00
149,-4.093674593641465e-27,0.0,-129.24,79.93,2011-01-29 14:15:00
150,1.186936489118516,0.0,164.24,-3.81,2011-01-29 14:40:00
151,966.6036316547693,0.0,53.24,-80.97,2011-01-29 15:05:00
152,1.0052129100747693,1.168264941733626,-27.82,0.92,2011-01-29 15:30:00
153,-4.089905365661985e-27,0.0,-122.38,81.28,2011-01-29 15:55:00
154,1.0787697302526125,0.0,140.04,1.41,2011-01-29 16:20:00
155,1239.8541968409584,0.0,62.02,-80.82,2011-01-29 16:45:00
156,1.0241051348936345,1.1977560709396335,-52.02,-4.28,2011-01-29 17:10:00
157,-4.091272095527851e-27,0.0,-116.34,79.69,2011-01-29 17:35:00
158,1.0020469356284114,0.0,115.84,6.62,2011-01-29 18:00:00
159,-3.651484560630881e-27,0.0,61.95,-78.09,2011-01-29 18:25:00
160,1.0305763298595711,1.19287687594801,-76.2,-9.53,2011-01-29 18:50:00
161,-4.097853472678286e-27,0.0,-122.31,76.13,2011-01-29 19:15:00
162,1.030632280992235,0.0,91.66,11.85,2011-01-29 19:40:00
163,-3.444462750676116e-27,0.0,51.16,-74.04,2011-01-29 20:05:00
164,1.0278921429909482,1.1608811502439953,-100.37,-14.73,2011-01-29 20:30:00
165,990.3347587609773,12.583750238770646,-136.58,71.72,2011-01-29 20:55:00
166,1.2026384727405377,0.0,67.52,17.08,2011-01-29 21:20:00
167,1945.617203077274,9.364121574769399,34.46,-69.43,2011-01-29 21:45:00
168,1.3287728241593266,1.2054473203927578,-124.49,-19.95,2011-01-29 22:10:00
169,402.92630516980444,7.067545094574079,-155.04,66.95,2011-01-29 22:35:00
170,1.5228193001038461,1.1857595638463345,43.43,22.3,2011-01-29 23:00:00
171,134.23056670237287,4.948252362555169,14.76,-64.57,2011-01-29 23:25:00
172,2.1619678056470475,1.3373432036444177,-148.55,-25.17,2011-01-29 23:50:00
173,87.62914480588013,4.031772518800604,-175.68,61.99,2011-01-30 00:15:00
174,1.8744102925021615,1.2632557377696174,19.4,27.52,2011-01-30 00:40:00
175,32.55941156522038,3.398590589809724,-6.56,-59.59,2011-01-30 01:05:00
176,4.398341618512417,1.602379508316581,-172.52,-30.38,2011-01-30 01:30:00
177,27.25273019917024,2.783507849210105,162.45,56.94,2011-01-30 01:55:00
178,2.6629200059366576,0.0,-4.52,32.73,2011-01-30 02:20:00
179,11.30414479884425,2.501758760748025,-28.85,-54.52,2011-01-30 02:45:00
180,11.29953855698949,2.086555394530933,163.61,-35.57,2011-01-30 03:10:00
181,13.37764372597602,2.2001470988325504,139.83,51.82,2011-01-30 03:35:00
182,5.602163889922451,0.0,-28.32,37.94,2011-01-30 04:00:00
183,4.8119246449404764,1.920238822101601,-51.73,-49.4,2011-01-30 04:25:00
184,35.00832091287561,2.904314739677015,139.91,-40.76,2011-01-30 04:50:00
185,8.46471823792075,1.8716722040864684,116.72,46.67,2011-01-30 05:15:00
186,20.51109134725825,0.0,-51.92,43.13,2011-01-30 05:40:00
187,2.9238222302184234,1.6074358959894035,-75.02,-44.26,2011-01-30 06:05:00
188,112.48513388576357,4.205785027636973,116.43,-45.92,2011-01-30 06:30:00
189,5.518388555266546,1.6329756322755589,93.28,41.49,2011-01-30 06:55:00
190,97.80070425940066,4.053036124908639,-75.27,48.3,2011-01-30 07:20:00
191,2.6287573344674158,1.4861951360847754,-98.58,-39.09,2011-01-30 07:45:00
192,233.6748376605947,5.595457588630915,93.25,-51.06,2011-01-30 08:10:00
193,3.6590888229580423,1.4676082619459883,69.61,36.29,2011-01-30 08:35:00
194,328.5166242692338,5.657748703008724,-98.25,53.44,2011-01-30 09:00:00
195,2.652855346784159,1.4413497048833428,-122.34,-33.9,2011-01-30 09:25:00
196,252.8695748946869,6.097086333882268,70.54,-56.16,2011-01-30 09:50:00
197,2.5409242817852613,1.3556524782124235,45.77,31.08,2011-01-30 10:15:00
198,542.4662698814006,6.523533421771269,-120.67,58.54,2011-01-30 10:40:00
199,2.621315466714148,1.4102863583199787,-146.24,-28.7,2011-01-30 11:05:00
200,212.40238236457094,5.997462458060395,48.52,-61.21,2011-01-30 11:30:00
201,1.7155636253738236,1.2333424311565218,21.81,25.87,2011-01-30 11:55:00
202,745.5160078332664,7.133945069849055,-142.22,63.57,2011-01-30 12:20:00
203,2.5290612240132684,1.3751189020217938,-170.25,-23.5,2011-01-30 12:45:00
204,189.26749483412883,5.877767020528797,27.62,-66.17,2011-01-30 13:10:00
205,1.2963786621051947,1.1672298901162317,-2.24,20.64,2011-01-30 13:35:00
206,1980.1461582571164,8.965057708419947,-162.3,68.49,2011-01-30 14:00:00
207,2.3565055731483073,1.3294064369660565,165.67,-18.28,2011-01-30 14:25:00
208,199.26876618188373,5.966872087801824,8.69,-70.96,2011-01-30 14:50:00
209,1.2022270802938924,1.1761624871645362,-26.35,15.41,2011-01-30 15:15:00
210,-4.048660239196967e-27,0.0,-179.72,73.18,2011-01-30 15:40:00
211,1.955379122755837,1.2417202268229848,141.53,-13.06,2011-01-30 16:05:00
212,261.379708426197,6.486162645034778,-6.53,-75.43,2011-01-30 16:30:00
213,1.417919357316578,1.2573501106498812,-50.51,10.18,2011-01-30 16:55:00
214,-4.0973989027620605e-27,0.0,167.94,77.36,2011-01-30 17:20:00
215,1.4807138624750193,0.0,117.35,-7.88,2011-01-30 17:45:00
216,434.12407480161096,7.6576187463290015,-14.37,-79.18,2011-01-30 18:10:00
217,1.5452014161814256,1.290094848182681,-74.69,4.95,2011-01-30 18:35:00
218,-4.109198152341312e-27,0.0,165.63,80.46,2011-01-30 19:00:00
219,1.1970294487530337,0.0,93.16,-2.66,2011-01-30 19:25:00
220,746.3655570019487,9.235656530836135,-10.32,-81.21,2011-01-30 19:50:00
221,1.148622273042986,1.175520052469708,-98.89,-0.28,2011-01-30 20:15:00
222,-4.105176072699002e-27,0.0,174.01,81.17,2011-01-30 20:40:00
223,1.024454036529609,0.0,68.96,2.57,2011-01-30 21:05:00
224,1634.6989006218619,10.078947342285423,-2.31,-80.37,2011-01-30 21:30:00
225,1.0000164465426928,0.0,-123.08,-5.51,2011-01-30 21:55:00
226,1466.9384404239433,14.831824703124658,177.62,79.02,2011-01-30 22:20:00
227,1.0097225122198297,0.0,44.77,7.79,2011-01-30 22:45:00
228,1005.7522129229459,8.334529813609306,-5.19,-77.22,2011-01-30 23:10:00
229,1.1403981245946382,1.1418883718511323,-147.27,-10.68,2011-01-30 23:35:00
230,852.5916012039968,10.374419816674655,169.34,75.21,2011-01-31 00:00:00
231,1.0541621289919922,0.0,20.6,13.02,2011-01-31 00:25:00
232,217.03040260767673,5.505468497058764,-17.76,-72.99,2011-01-31 00:50:00
233,1.645183064943594,1.2272300687769941,-171.42,-15.96,2011-01-31 01:15:00
234,351.45060695573784,6.592150076087253,153.88,70.69,2011-01-31 01:40:00
235,1.1887591830299864,1.148113047166373,-3.54,18.24,2011-01-31 02:05:00
236,57.083416165290274,3.824057807060558,-35.42,-68.37,2011-01-31 02:30:00
237,2.903970719327342,1.405440085931734,164.46,-21.12,2011-01-31 02:55:00
238,130.44764610973326,4.501388213713835,134.82,65.86,2011-01-31 03:20:00
239,1.7503962943996398,1.279326669674016,-27.62,23.47,2011-01-31 03:45:00
240,21.142957035258224,2.8502613793335523,-55.57,-63.47,2011-01-31 04:10:00
241,5.549622193752978,1.6615745100690849,140.42,-26.33,2011-01-31 04:35:00
242,58.21081168745633,3.4227308677520165,113.85,60.88,2011-01-31 05:00:00
243,4.372949419423682,0.0,-51.62,28.68,2011-01-31 05:25:00
244,11.021606013918294,2.3072780050393273,-77.15,-58.46,2011-01-31 05:50:00
245,10.81013082356482,2.0158300970736747,116.46,-31.53,2011-01-31 06:15:00
246,29.62558214342825,2.7543535309830625,91.78,55.81,2011-01-31 06:40:00
247,12.203747127722334,2.2144419074588453,-75.52,33.89,2011-01-31 07:05:00
248,8.540056861675595,2.0690602638423976,-99.59,-53.39,2011-01-31 07:30:00
249,19.970059862798962,2.47744449524824,92.63,-36.72,2011-01-31 07:55:00
250,15.639997251296197,2.2863761794660027,69.03,50.68,2011-01-31 08:20:00
251,21.164635681350227,2.5586831027260066,-99.28,39.09,2011-01-31 08:45:00
252,8.350603650966459,1.9941761920981136,-122.58,-48.27,2011-01-31 09:10:00
253,26.461630648066194,2.8572148875649344,68.97,-41.9,2011-01-31 09:35:00
254,8.73826189169038,1.956797078860825,45.84,45.52,2011-01-31 10:00:00
255,23.555732825880636,2.6539446752219686,-122.84,44.27,2011-01-31 10:25:00
256,8.472736552566246,1.9690837725909955,-145.93,-43.11,2011-01-31 10:50:00
257,27.659797255253213,3.1127475188061964,45.55,-47.06,2011-01-31 11:15:00
258,5.06369648927389,0.0,22.34,40.34,2011-01-31 11:40:00
259,23.927376449000633,2.6909012024268906,-146.12,49.44,2011-01-31 12:05:00
260,8.427683453544763,1.9423222098104898,-169.55,-37.94,2011-01-31 12:30:00
261,28.031507468574052,3.2818398016521084,22.46,-52.19,2011-01-31 12:55:00
262,3.2001945471408715,0.0,-1.38,35.14,2011-01-31 13:20:00
263,28.356996152368275,2.836287660488206,-168.99,54.57,2011-01-31 13:45:00
264,7.849626793537174,1.8751283584093028,166.66,-32.76,2011-01-31 14:10:00
265,28.14756903056447,3.307228554301737,-0.13,-57.28,2011-01-31 14:35:00
266,2.598131628895418,0.0,-25.25,29.94,2011-01-31 15:00:00
267,46.85987640087445,3.265340626576295,168.75,59.66,2011-01-31 15:25:00
268,6.174765540723299,1.7178136519676945,142.73,-27.56,2011-01-31 15:50:00
269,29.660819293574292,3.286308808991963,-21.95,-62.31,2011-01-31 16:15:00
270,3.023091710792009,0.0,-49.23,24.72,2011-01-31 16:40:00
271,117.8591076659928,4.225650779220255,147.44,64.64,2011-01-31 17:05:00
272,4.062199103323921,1.502060117328703,118.7,-22.35,2011-01-31 17:30:00
273,39.90954801846593,3.4778293481026625,-42.51,-67.24,2011-01-31 17:55:00
274,3.452810512847103,1.5657506662115677,-73.29,19.5,2011-01-31 18:20:00
275,474.65476087386025,6.279189010679793,127.8,69.52,2011-01-31 18:45:00
276,2.6579353397287706,1.3344321140205977,94.6,-17.16,2011-01-31 19:10:00
277,77.41319722317067,4.129927246956045,-60.83,-71.98,2011-01-31 19:35:00
278,2.2283141254170262,1.3638442941594875,-97.42,14.27,2011-01-31 20:00:00
279,-4.170768611728169e-27,0.0,111.2,74.13,2011-01-31 20:25:00
280,1.7010709315958648,1.2182969501887155,70.46,-11.92,2011-01-31 20:50:00
281,201.69027936310883,5.443342361251879,-74.84,-76.34,2011-01-31 21:15:00
282,1.3343804005356488,1.1964556574538765,-121.58,9.04,2011-01-31 21:40:00
283,-4.1425804102686945e-27,0.0,100.67,78.18,2011-01-31 22:05:00
284,1.2342963781921066,1.1689814206506965,46.28,-6.72,2011-01-31 22:30:00
285,498.51635987975527,0.0,-80.36,-79.82,2011-01-31 22:55:00
286,1.031820359617044,0.0,-145.77,3.81,2011-01-31 23:20:00
287,-4.124971175938057e-27,0.0,101.18,80.87,2011-01-31 23:45:00
288,1.1107314945257114,1.154180406228131,22.09,-1.47,2011-02-01 00:10:00
289,1307.0019375402007,8.78805908765131,-74.04,-81.29,2011-02-01 00:35:00
290,1.0283045040812986,0.0,-169.97,-1.39,2011-02-01 01:00:00
291,1557.2874772981493,14.592579222837852,110.14,80.91,2011-02-01 01:25:00
292,1.0239060683262038,0.0,-2.11,3.73,2011-02-01 01:50:00
293,985.8049510344828,7.956932033901495,-67.79,-79.85,2011-02-01 02:15:00
294,1.294650215472213,1.1426831145218181,165.84,-6.62,2011-02-01 02:40:00
295,1099.5144159233103,11.820589603263786,110.97,78.27,2011-02-01 03:05:00
296,1.0364996085719742,1.151911190171988,-26.3,8.95,2011-02-01 03:30:00
297,277.5881158131756,5.707230505102802,-73.19,-76.38,2011-02-01 03:55:00
298,1.8199286483253017,1.2188814157108163,141.66,-11.84,2011-02-01 04:20:00
299,660.8162365364575,8.75214923909915,100.65,74.24,2011-02-01 04:45:00
300,1.6791541672918073,1.3049245455543292,-50.46,14.18,2011-02-01 05:10:00
301,108.72204194291194,4.357720516712153,-87.14,-72.03,2011-02-01 05:35:00
302,2.621743974854899,1.3252120958270055,117.51,-17.06,2011-02-01 06:00:00
303,323.271025036308,6.312884110324839,84.17,69.64,2011-02-01 06:25:00
304,3.464302172946644,1.5649754874205863,-74.59,19.4,2011-02-01 06:50:00
305,63.921569716621086,3.6848935611923768,-105.43,-67.29,2011-02-01 07:15:00
306,4.016749031405326,1.5070956730264697,93.42,-22.27,2011-02-01 07:40:00
307,141.5754316603986,4.653005670100091,64.58,64.77,2011-02-01 08:05:00
308,4.65253470662708,1.6534254034484601,-98.66,24.62,2011-02-01 08:30:00
309,53.85516582983793,3.440374550631845,-125.96,-62.37,2011-02-01 08:55:00
310,5.284547256893278,1.7176297905714677,69.39,-27.48,2011-02-01 09:20:00
311,60.29422931898489,3.5697853556806693,43.32,59.76,2011-02-01 09:45:00
312,4.807918420891091,1.670885970705017,-122.64,29.83,2011-02-01 10:10:00
313,55.486345296606444,3.420403390636027,-147.77,-57.35,2011-02-01 10:35:00
314,6.159756670480455,1.9568627095518811,45.46,-32.68,2011-02-01 11:00:00
315,28.193985428294404,0.0,21.07,54.68,2011-02-01 11:25:00
316,4.785415739655446,1.686222392345574,-146.51,35.04,2011-02-01 11:50:00
317,59.60273411277419,3.458403032671615,-170.36,-52.26,2011-02-01 12:15:00
318,7.370883338227729,2.2111546490377005,21.66,-37.87,2011-02-01 12:40:00
319,15.299580633379264,0.0,-1.79,49.55,2011-02-01 13:05:00
320,5.082096398619193,1.7203347381412049,-170.23,40.24,2011-02-01 13:30:00
321,57.83919130796372,3.393875916167559,166.56,-47.13,2011-02-01 13:55:00
322,7.916017530173554,2.30857154705905,-1.95,-43.04,2011-02-01 14:20:00
323,10.875187213350241,0.0,-25.06,44.38,2011-02-01 14:45:00
324,6.518312889333169,1.8244508347918678,166.26,45.41,2011-02-01 15:10:00
325,42.18330910230161,3.0580556620421455,143.14,-41.97,2011-02-01 15:35:00
326,7.10587594535135,2.2141806462669287,-25.31,-48.19,2011-02-01 16:00:00
327,11.118618147139616,0.0,-48.62,39.2,2011-02-01 16:25:00
328,11.347385868966988,2.099938554049966,143.06,50.57,2011-02-01 16:50:00
329,22.437468670574795,2.512941113019902,119.48,-36.8,2011-02-01 17:15:00
330,7.077285942362996,2.1448484240140466,-48.31,-53.31,2011-02-01 17:40:00
331,11.815274895967901,2.2000720419656665,-72.37,34.0,2011-02-01 18:05:00
332,25.517439778904325,2.6302184820244405,120.29,55.69,2011-02-01 18:30:00
333,10.55754766896019,2.0240855548563013,95.65,-31.61,2011-02-01 18:55:00
334,10.583354221419377,2.306151761477738,-70.76,-58.39,2011-02-01 19:20:00
335,6.973921696320557,1.8544259247924453,-96.27,28.79,2011-02-01 19:45:00
336,66.32483858374296,3.5072855420156053,98.21,60.75,2011-02-01 20:10:00
337,4.928539337217404,1.6702443997328071,71.7,-26.41,2011-02-01 20:35:00
338,24.93744537096458,2.853776901236223,-92.36,-63.4,2011-02-01 21:00:00
339,3.044010221515206,1.4714857441882248,-120.27,23.57,2011-02-01 21:25:00
340,214.78242440094235,4.992393978622517,77.2,65.74,2011-02-01 21:50:00
341,2.5999900121307165,1.4736902231097209,47.65,-21.21,2011-02-01 22:15:00
342,86.54792624412389,4.0642606609738445,-112.53,-68.3,2011-02-01 22:40:00
343,1.6343661940231256,1.256601063552471,-144.35,18.35,2011-02-01 23:05:00
344,1088.8589537128382,8.0423643009153,58.07,70.57,2011-02-01 23:30:00
345,1.9120416607005508,1.3905333222015246,23.54,-16.0,2011-02-01 23:55:00
346,405.71672596946513,6.594124990733141,-130.14,-72.98,2011-02-02 00:20:00
347,1.14350634141747,1.1429899357719222,-168.48,13.12,2011-02-02 00:45:00
348,-3.98226818632851e-27,0.0,42.48,75.09,2011-02-02 01:10:00
349,1.5244616876724988,1.3069075829668442,-0.61,-10.77,2011-02-02 01:35:00
350,-3.946863443575596e-27,0.0,-142.77,-77.19,2011-02-02 02:00:00
351,1.001051090444203,0.0,167.34,7.91,2011-02-02 02:25:00
352,-3.993189441134296e-27,0.0,33.94,78.94,2011-02-02 02:50:00
353,1.1057315764723676,1.2138940556131983,-24.79,-5.57,2011-02-02 03:15:00
354,-3.949219032326005e-27,0.0,-145.75,-80.36,2011-02-02 03:40:00
355,1.0526357179454293,0.0,143.15,2.68,2011-02-02 04:05:00
356,-4.018539581216228e-27,0.0,37.21,81.15,2011-02-02 04:30:00
357,1.0536942790821946,1.1949678263325338,-48.99,-0.34,2011-02-02 04:55:00
358,-3.895215829019649e-27,0.0,-137.8,-81.21,2011-02-02 05:20:00
359,1.1885998592576397,0.0,118.95,-2.54,2011-02-02 05:45:00
360,1844.1946818567105,14.39543905286274,45.71,80.52,2011-02-02 06:10:00
361,1.5344845549271182,1.2907706784440105,-73.19,4.88,2011-02-02 06:35:00
362,-3.874722656869537e-27,0.0,-133.69,-79.2,2011-02-02 07:00:00
363,1.4838526428421026,0.0,94.76,-7.77,2011-02-02 07:25:00
364,1123.286413899937,11.971167705364827,43.73,77.46,2011-02-02 07:50:00
365,1.7600622909082997,1.2896710979624384,-97.37,10.11,2011-02-02 08:15:00
366,-3.9357665185272286e-27,0.0,-141.46,-75.47,2011-02-02 08:40:00
367,1.8082640743411167,1.2389337620368457,70.59,-12.99,2011-02-02 09:05:00
368,687.885268800526,9.427259679023132,31.66,73.26,2011-02-02 09:30:00
369,1.7815449604025786,1.2817575221550699,-121.53,15.33,2011-02-02 09:55:00
370,-4.068652242452162e-27,0.0,-156.64,-71.01,2011-02-02 10:20:00
371,2.136560758399584,1.3889765767593278,46.45,-18.21,2011-02-02 10:45:00
372,384.2966634430939,7.066307974560457,14.31,68.58,2011-02-02 11:10:00
373,1.8017156302715744,1.28958248246987,-145.64,20.55,2011-02-02 11:35:00
374,-4.23106050688459e-27,0.0,-175.55,-66.22,2011-02-02 12:00:00
375,2.847347577717137,1.60138583107038,22.37,-23.42,2011-02-02 12:25:00
376,203.49207838751434,0.0,-5.74,63.68,2011-02-02 12:50:00
377,1.8645988341712083,1.3021847529305184,-169.69,25.77,2011-02-02 13:15:00
378,-4.3817389304844415e-27,0.0,163.57,-61.27,2011-02-02 13:40:00
379,3.4143404590875233,1.7457969904828887,-1.64,-28.63,2011-02-02 14:05:00
380,124.78629174330541,0.0,-27.26,58.65,2011-02-02 14:30:00
381,2.074158768802712,1.3217271569696036,166.34,30.98,2011-02-02 14:55:00
382,-4.461519694276574e-27,0.0,141.56,-56.23,2011-02-02 15:20:00
383,2.94423477357652,1.6994801585812165,-25.54,-33.82,2011-02-02 15:45:00
384,101.91705489468792,0.0,-49.67,53.55,2011-02-02 16:10:00
385,2.8992361376357563,1.404605003351299,142.5,36.18,2011-02-02 16:35:00
386,716.9223685282441,6.939936231550238,118.85,-51.13,2011-02-02 17:00:00
387,2.418279261339264,1.5944814788790616,-49.3,-39.01,2011-02-02 17:25:00
388,85.23437432708889,3.983725598266758,-72.63,48.41,2011-02-02 17:50:00
389,4.983535334623485,1.5965102642754931,118.82,41.37,2011-02-02 18:15:00
390,110.13703172245863,4.131897942741135,95.68,-46.0,2011-02-02 18:40:00
391,2.88505719839473,1.6087697746927203,-72.87,-44.18,2011-02-02 19:05:00
392,39.34223025810702,3.0989784018992075,-95.98,43.24,2011-02-02 19:30:00
393,9.147186418324555,1.9063978254368636,95.38,46.55,2011-02-02 19:55:00
394,25.30483675383528,2.7782034624711613,72.2,-40.84,2011-02-02 20:20:00
395,5.493354456714996,1.8320851117274473,-96.16,-49.32,2011-02-02 20:45:00
396,11.634490008996536,2.157350916839568,-119.58,38.06,2011-02-02 21:10:00
397,17.856878953663145,2.3709379023872574,72.25,51.7,2011-02-02 21:35:00
398,8.45202865496099,2.1397601076769623,48.5,-35.66,2011-02-02 22:00:00
399,14.65934259517044,2.3614012287683455,-119.06,-54.43,2011-02-02 22:25:00
400,4.218945008938713,1.6245162823198926,-143.37,32.86,2011-02-02 22:50:00
401,38.150414487721484,3.0517202698324715,49.62,56.81,2011-02-02 23:15:00
402,4.42625612729182,1.8604821986569764,24.64,-30.47,2011-02-02 23:40:00
