1  0  831.98  -21.28  21.47  99  83.0  90.9  5.0  5.0  2.0  3.0  5.0  5.0  3.0
1  1500  834.97  -68.22  -138.81  99  83.0  90.9  5.0  5.0  2.0  3.0  5.0  5.0  3.0
1  3000  826.61  18.41  -170.54  99  83.0  90.9  5.0  5.0  2.0  3.0  5.0  5.0  3.0
1  4500  818.42  70.53  31.82  99  83.0  90.9  5.0  5.0  2.0  3.0  5.0  5.0  3.0
1  6000  831.4  -16.06  -2.64  99  83.0  90.9  5.0  5.0  2.0  3.0  5.0  5.0  3.0
1  7500  835.06  -72.9  -156.49  99  83.0  90.9  5.0  5.0  2.0  3.0  5.0  5.0  3.0
1  9000  827.51  13.2  165.33  99  83.0  90.9  5.0  5.0  2.0  3.0  5.0  5.0  3.0
1  10500  818.1  75.06  16.18  99  83.0  90.9  5.0  5.0  2.0  3.0  5.0  5.0  3.0
1  12000  830.76  -10.85  -26.8  99  83.0  90.9  3.0  3.0  5.0  2.0  3.0  5.0  4.0
1  13500  835.09  -77.14  -169.22  99  83.0  90.9  3.0  3.0  5.0  2.0  3.0  5.0  4.0
1  15000  828.39  7.97  141.16  99  83.0  90.9  3.0  3.0  5.0  2.0  3.0  5.0  4.0
1  16500  817.9  78.91  7.56  99  83.0  90.9  3.0  3.0  5.0  2.0  3.0  5.0  4.0
1  18000  830.04  -5.63  -50.98  99  83.0  90.9  3.0  3.0  5.0  2.0  3.0  5.0  4.0
1  19500  835.1  -80.32  -172.38  99  83.0  90.9  3.0  3.0  5.0  2.0  3.0  5.0  4.0
1  21000  829.24  2.74  116.97  99  83.0  90.9  3.0  3.0  5.0  2.0  3.0  5.0  4.0
1  22500  817.82  81.15  10.74  99  83.0  90.9  0.0  0.0  3.0  5.0  2.0  4.0  4.0
1  24000  829.28  -0.4  -75.17  99  83.0  90.9  0.0  0.0  3.0  5.0  2.0  4.0  4.0
1  25500  835.08  -81.23  -164.49  99  83.0  90.9  0.0  0.0  3.0  5.0  2.0  4.0  4.0
1  27000  830.03  -2.48  92.77  99  83.0  90.9  0.0  0.0  3.0  5.0  2.0  4.0  4.0
1  28500  817.86  80.54  19.3  99  83.0  90.9  0.0  0.0  3.0  5.0  2.0  4.0  4.0
1  30000  828.46  4.82  -99.37  99  83.0  90.9  0.0  0.0  3.0  5.0  2.0  4.0  4.0
1  31500  835.05  -79.25  -160.19  99  83.0  90.9  0.0  0.0  3.0  5.0  2.0  4.0  4.0
1  33000  830.78  -7.71  68.58  99  83.0  90.9  3.0  3.0  0.0  3.0  5.0  4.0  4.0
1  34500  818.03  77.5  17.43  99  83.0  90.9  3.0  3.0  0.0  3.0  5.0  4.0  4.0
1  36000  827.6  10.05  -123.56  99  83.0  90.9  3.0  3.0  0.0  3.0  5.0  4.0  4.0
1  37500  834.99  -75.54  -167.8  99  83.0  90.9  3.0  3.0  0.0  3.0  5.0  4.0  4.0
1  39000  831.46  -12.93  44.4  99  83.0  90.9  3.0  3.0  0.0  3.0  5.0  4.0  4.0
1  40500  818.32  73.3  5.42  99  83.0  90.9  3.0  3.0  0.0  3.0  5.0  4.0  4.0
1  42000  826.72  15.28  -147.71  99  83.0  90.9  3.0  3.0  0.0  3.0  5.0  4.0  4.0
1  43500  834.91  -71.08  177.09  99  83.0  90.9  4.0  4.0  3.0  0.0  3.0  4.0  5.0
1  45000  832.08  -18.15  20.27  99  83.0  90.9  4.0  4.0  3.0  0.0  3.0  4.0  5.0
1  46500  818.72  68.62  -11.9  99  83.0  90.9  4.0  4.0  3.0  0.0  3.0  4.0  5.0
1  48000  825.8  20.5  -171.83  99  83.0  90.9  4.0  4.0  3.0  0.0  3.0  4.0  5.0
1  49500  834.8  -66.29  158.22  99  83.0  90.9  4.0  4.0  3.0  0.0  3.0  4.0  5.0
1  51000  832.63  -23.36  -3.82  99  83.0  90.9  4.0  4.0  3.0  0.0  3.0  4.0  5.0
1  52500  819.24  63.71  -31.94  99  83.0  90.9  4.0  4.0  3.0  0.0  3.0  4.0  5.0
1  54000  824.88  25.72  164.12  99  83.0  90.9  5.0  5.0  4.0  3.0  0.0  4.0  5.0
1  55500  834.67  -61.34  137.36  99  83.0  90.9  5.0  5.0  4.0  3.0  0.0  4.0  5.0
1  57000  833.12  -28.57  -27.83  99  83.0  90.9  5.0  5.0  4.0  3.0  0.0  4.0  5.0
1  58500  819.85  58.69  -53.45  99  83.0  90.9  5.0  5.0  4.0  3.0  0.0  4.0  5.0
1  60000  823.96  30.94  140.16  99  83.0  90.9  5.0  5.0  4.0  3.0  0.0  4.0  5.0
1  61500  834.51  -56.3  115.35  99  83.0  90.9  5.0  5.0  4.0  3.0  0.0  4.0  5.0
1  63000  833.54  -33.76  -51.73  99  83.0  90.9  5.0  5.0  4.0  3.0  0.0  4.0  5.0
1  64500  820.55  53.59  -75.85  99  83.0  90.9  5.0  5.0  4.0  3.0  0.0  4.0  5.0
1  66000  822.99  36.14  116.31  99  83.0  90.9  3.0  3.0  5.0  4.0  3.0  3.0  5.0
1  67500  834.28  -51.2  92.65  99  83.0  90.9  3.0  3.0  5.0  4.0  3.0  3.0  5.0
1  69000  833.94  -38.94  -75.5  99  83.0  90.9  3.0  3.0  5.0  4.0  3.0  3.0  5.0
1  70500  821.32  48.45  -98.82  99  83.0  90.9  3.0  3.0  5.0  4.0  3.0  3.0  5.0
1  72000  822.12  41.33  92.63  99  83.0  90.9  3.0  3.0  5.0  4.0  3.0  3.0  5.0
1  73500  834.03  -46.06  69.49  99  83.0  90.9  3.0  3.0  5.0  4.0  3.0  3.0  5.0
1  75000  834.24  -44.11  -99.07  99  83.0  90.9  3.0  3.0  5.0  4.0  3.0  3.0  5.0
1  76500  822.16  43.28  -122.16  99  83.0  90.9  7.0  7.0  3.0  5.0  4.0  3.0  5.0
1  78000  821.29  46.51  69.18  99  83.0  90.9  7.0  7.0  3.0  5.0  4.0  3.0  5.0
1  79500  833.72  -40.9  46.01  99  83.0  90.9  7.0  7.0  3.0  5.0  4.0  3.0  5.0
1  81000  834.45  -49.26  -122.37  99  83.0  90.9  7.0  7.0  3.0  5.0  4.0  3.0  5.0
1  82500  823.02  38.1  -145.76  99  83.0  90.9  7.0  7.0  3.0  5.0  4.0  3.0  5.0
1  84000  820.52  51.66  46.06  99  83.0  90.9  7.0  7.0  3.0  5.0  4.0  3.0  5.0
1  85500  833.36  -35.72  22.31  99  83.0  90.9  7.0  7.0  3.0  5.0  4.0  3.0  5.0
