534
1
3
,bb0,LM,lat,lon,date
0,-4.084242877000628e-27,0.0,70.16,78.05,2011-12-20 00:05:00
1,1.3253551909760248,1.2286061696197774,16.19,-6.89,2011-12-20 00:30:00
2,1552.107049691821,9.201873411829354,-111.15,-79.7,2011-12-20 00:55:00
3,1.00007300703493,0.0,-175.86,3.98,2011-12-20 01:20:00
4,-4.080394152530644e-27,0.0,70.14,80.79,2011-12-20 01:45:00
5,1.1147635792571173,1.1850199131155414,-8.0,-1.68,2011-12-20 02:10:00
6,-3.6964680802391554e-27,0.0,-105.72,-81.25,2011-12-20 02:35:00
7,1.1196640224778398,0.0,159.94,-1.17,2011-12-20 03:00:00
8,2092.3990365690274,14.922511451930946,78.84,80.93,2011-12-20 03:25:00
9,1.0057725158514117,1.1634230627070323,-32.2,3.53,2011-12-20 03:50:00
10,2610.428582595722,10.466602767681904,-99.12,-79.94,2011-12-20 04:15:00
11,1.3884616631986575,0.0,135.74,-6.38,2011-12-20 04:40:00
12,1330.4609781208724,0.0,80.01,78.39,2011-12-20 05:05:00
13,1.490970543685359,1.280898808755448,-56.39,8.74,2011-12-20 05:30:00
14,594.4458399666909,6.970912969147512,-104.07,-76.55,2011-12-20 05:55:00
15,1.8176733489797339,1.1979178691422978,111.56,-11.58,2011-12-20 06:20:00
16,760.0602186271245,9.381295591913679,70.01,74.42,2011-12-20 06:45:00
17,2.4680122109776432,1.4258603795530504,-80.55,13.95,2011-12-20 07:10:00
18,295.1091157735738,5.628896749238757,-117.73,-72.25,2011-12-20 07:35:00
19,2.533029236144478,1.3251971669733675,87.42,-16.78,2011-12-20 08:00:00
20,372.2199819555293,6.81000592387585,53.71,69.85,2011-12-20 08:25:00
21,2.8030395324179955,1.439826517399004,-104.68,19.15,2011-12-20 08:50:00
22,230.60787947132002,5.186198959046638,-135.86,-67.54,2011-12-20 09:15:00
23,3.122061683640672,1.4850435829490993,63.32,-21.98,2011-12-20 09:40:00
24,165.56988392160287,5.012855067085269,34.23,65.01,2011-12-20 10:05:00
25,2.8233839206068576,1.4456151481166062,-128.75,24.36,2011-12-20 10:30:00
26,246.6566463919306,5.231722317910082,-156.3,-62.65,2011-12-20 10:55:00
27,3.7573742724066514,1.7022472412472707,39.29,-27.17,2011-12-20 11:20:00
28,73.79102606134845,3.8764812404049405,13.03,60.03,2011-12-20 11:45:00
29,2.843976782716913,1.4603311805540435,-152.74,29.55,2011-12-20 12:10:00
30,290.77384920297607,5.424480270622782,-178.05,-57.64,2011-12-20 12:35:00
31,4.7925051563995655,1.9366056809515444,15.35,-32.35,2011-12-20 13:00:00
32,39.22895317141315,0.0,-9.18,54.97,2011-12-20 13:25:00
33,3.0264102208004364,1.483485588160017,-176.62,34.74,2011-12-20 13:50:00
34,281.03295194713826,5.317985717661961,159.41,-52.57,2011-12-20 14:15:00
35,5.002201030935076,2.0016569227255756,-8.46,-37.52,2011-12-20 14:40:00
36,28.47997588716883,0.0,-32.01,49.86,2011-12-20 15:05:00
37,3.8386382462114,1.555443588602501,159.66,39.92,2011-12-20 15:30:00
38,159.44439800392894,4.504031428078385,136.35,-47.46,2011-12-20 15:55:00
39,4.196763395857091,1.8922414826440555,-32.09,-42.67,2011-12-20 16:20:00
40,28.443205831130225,0.0,-55.26,44.72,2011-12-20 16:45:00
41,6.429472484069265,1.755216716737748,136.13,45.07,2011-12-20 17:10:00
42,59.624267473897696,3.3886933713901395,112.94,-42.34,2011-12-20 17:35:00
43,4.050852232387687,1.820797147900969,-55.47,-47.79,2011-12-20 18:00:00
44,24.745250020827875,2.7146871607254868,-78.8,39.55,2011-12-20 18:25:00
45,12.872903807502832,2.1247653019320123,112.9,50.2,2011-12-20 18:50:00
46,20.77412847579146,2.5141850093978104,89.3,-37.19,2011-12-20 19:15:00
47,6.166045737247461,1.9567227480785803,-78.49,-52.92,2011-12-20 19:40:00
48,11.201740836433459,2.1264749570942487,-102.54,34.38,2011-12-20 20:05:00
49,28.206233498026904,2.70129557034458,90.11,55.31,2011-12-20 20:30:00
50,7.7288325668569495,1.9609627923069168,65.48,-32.02,2011-12-20 20:55:00
51,14.537115689087393,2.4089189095248855,-101.0,-57.98,2011-12-20 21:20:00
52,4.242307431141453,1.6154959297862448,-126.42,29.19,2011-12-20 21:45:00
53,68.39067122159247,3.58804127426508,67.95,60.37,2011-12-20 22:10:00
54,3.720146819959185,1.6851576218776514,41.54,-26.84,2011-12-20 22:35:00
55,50.16575839995003,3.4098541237987154,-122.68,-62.98,2011-12-20 23:00:00
56,2.064689133042236,1.3380650823438573,-150.42,23.99,2011-12-20 23:25:00
57,217.7184545963475,5.114764538374857,46.84,65.34,2011-12-20 23:50:00
58,2.584508239386428,1.552725866516014,17.51,-21.62,2011-12-21 00:15:00
59,268.724025315932,5.6776055733006086,-143.01,-67.87,2011-12-21 00:40:00
60,1.3169579537047027,1.1850542293601634,-174.49,18.79,2011-12-21 01:05:00
61,1282.9933982870937,8.66291990533929,27.51,70.17,2011-12-21 01:30:00
62,1.848457507127285,1.4096493399351437,-6.59,-16.43,2011-12-21 01:55:00
63,5271.940368905542,0.0,-160.96,-72.53,2011-12-21 02:20:00
64,1.0481981003955152,0.0,161.37,13.61,2011-12-21 02:45:00
65,-3.895978347357068e-27,0.0,11.51,74.71,2011-12-21 03:10:00
66,1.1766549354433269,1.2563187095131265,-30.75,-11.25,2011-12-21 03:35:00
67,-4.1640685348212594e-27,0.0,-174.23,-76.8,2011-12-21 04:00:00
68,1.0000020033791654,0.0,137.21,8.4,2011-12-21 04:25:00
69,-3.944693173876187e-27,0.0,2.09,78.61,2011-12-21 04:50:00
70,1.0207075168497382,1.2013270596804535,-54.93,-6.05,2011-12-21 05:15:00
71,-4.114907151659014e-27,0.0,-178.47,-80.09,2011-12-21 05:40:00
72,1.034435534082714,0.0,113.02,3.19,2011-12-21 06:05:00
73,-3.9779095018976234e-27,0.0,4.09,81.02,2011-12-21 06:30:00
74,1.2432881415403763,1.2260673511137605,-79.12,-0.84,2011-12-21 06:55:00
75,-4.061496407759636e-27,0.0,-171.39,-81.23,2011-12-21 07:20:00
76,1.1672980793296557,0.0,88.82,-2.01,2011-12-21 07:45:00
77,-3.979272324636695e-27,0.0,12.67,80.67,2011-12-21 08:10:00
78,1.2917435921730702,1.1984128316396987,-103.32,4.37,2011-12-21 08:35:00
79,-4.076803819777788e-27,0.0,-166.32,-79.49,2011-12-21 09:00:00
80,1.3203659690971783,1.1482167278074156,64.63,-7.22,2011-12-21 09:25:00
81,1649.2765953153178,13.458803550791043,11.81,77.81,2011-12-21 09:50:00
82,1.3017115932478294,1.188392160308453,-127.5,9.58,2011-12-21 10:15:00
83,-4.171385768026566e-27,0.0,-173.04,-75.9,2011-12-21 10:40:00
84,1.5526760760238045,1.2711478562289416,40.45,-12.42,2011-12-21 11:05:00
85,946.8305365849227,11.463129762676308,0.48,73.71,2011-12-21 11:30:00
86,1.3230590845183199,1.1909244649718485,-151.66,14.78,2011-12-21 11:55:00
87,-4.3086525346211155e-27,0.0,172.35,-71.51,2011-12-21 12:20:00
88,2.106436769468619,1.4440771950607592,16.31,-17.62,2011-12-21 12:45:00
89,661.1040565729573,0.0,-16.49,69.09,2011-12-21 13:10:00
90,1.365163681736175,1.1955979600626758,-175.78,19.99,2011-12-21 13:35:00
91,-4.4346465737149924e-27,0.0,153.75,-66.77,2011-12-21 14:00:00
92,2.40750656260115,1.5524041750161455,-7.78,-22.81,2011-12-21 14:25:00
93,486.40641781385403,0.0,-36.32,64.22,2011-12-21 14:50:00
94,1.4954509901757123,1.202962592538049,160.16,25.19,2011-12-21 15:15:00
95,-4.477639865945751e-27,0.0,133.04,-61.85,2011-12-21 15:40:00
96,1.9811057236393879,1.503069928839598,-31.8,-28.0,2011-12-21 16:05:00
97,390.6532679229115,0.0,-57.72,59.22,2011-12-21 16:30:00
98,2.0050983675124567,1.2578227818782308,136.19,30.38,2011-12-21 16:55:00
99,-4.3342154451835565e-27,0.0,111.14,-56.83,2011-12-21 17:20:00
100,1.644585463950844,1.4219599316885403,-55.72,-33.17,2011-12-21 17:45:00
101,265.4491765462791,5.897951914078344,-80.04,54.15,2011-12-21 18:10:00
102,3.1495568484163368,1.38990223402941,112.33,35.56,2011-12-21 18:35:00
103,413.00849054885856,6.134511192825569,88.49,-51.77,2011-12-21 19:00:00
104,2.0388307170288105,1.4456592202603236,-79.5,-38.34,2011-12-21 19:25:00
105,87.84025088784489,3.983252543835498,-102.95,49.04,2011-12-21 19:50:00
106,5.195781470109496,1.6062392049777023,88.63,40.74,2011-12-21 20:15:00
107,50.04912067261999,3.4852398388162005,65.38,-46.64,2011-12-21 20:40:00
108,3.834255826893566,1.6348782783235611,-103.09,-43.5,2011-12-21 21:05:00
109,19.96260719676034,2.5369953512930894,-126.26,43.89,2011-12-21 21:30:00
110,9.042062348902228,1.9376143064194091,65.15,45.9,2011-12-21 21:55:00
111,13.753357914331966,2.5346307234861127,41.93,-41.5,2011-12-21 22:20:00
112,9.423561404853906,2.0584168836563284,-126.43,-48.62,2011-12-21 22:45:00
113,6.2546784826325155,1.8228936201198553,-149.83,38.73,2011-12-21 23:10:00
114,16.61975837574091,2.389564782716181,41.98,51.03,2011-12-21 23:35:00
115,6.393537449355877,2.1242992265224747,18.25,-36.36,2011-12-22 00:00:00
116,32.8039781853754,2.9410681102957796,-149.38,-53.73,2011-12-22 00:25:00
117,2.875643174323802,1.4644430564886122,-173.6,33.55,2011-12-22 00:50:00
118,36.5385581399543,0.0,19.27,56.13,2011-12-22 01:15:00
119,3.7051846030452182,1.8044771833668714,-5.58,-31.17,2011-12-22 01:40:00
120,195.22275750248352,5.065264733344604,-171.79,-58.77,2011-12-22 02:05:00
121,1.761787650869278,1.2596360118206258,162.49,28.37,2011-12-22 02:30:00
122,133.9809938827754,0.0,-2.75,61.17,2011-12-22 02:55:00
123,1.9103691925218844,1.4816160954922828,-29.55,-26.0,2011-12-22 03:20:00
124,1318.2436212650293,0.0,166.7,-63.75,2011-12-22 03:45:00
125,1.3750611320055854,1.1437897442589633,138.48,23.18,2011-12-22 04:10:00
126,1623.2312825386616,9.285628419833074,-23.64,66.13,2011-12-22 04:35:00
127,1.1215429475131835,1.2682189447185392,-53.59,-20.81,2011-12-22 05:00:00
128,-4.429469979907207e-27,0.0,146.65,-68.62,2011-12-22 05:25:00
129,1.1842601947622287,0.0,114.4,17.98,2011-12-22 05:50:00
130,-3.9157093635577045e-27,0.0,-42.57,70.92,2011-12-22 06:15:00
131,1.001930825711091,1.1929501629081551,-77.71,-15.62,2011-12-22 06:40:00
132,-4.3125014490971354e-27,0.0,129.27,-73.25,2011-12-22 07:05:00
133,1.0463196338733693,0.0,90.26,12.77,2011-12-22 07:30:00
134,-4.0003937442149385e-27,0.0,-57.81,75.39,2011-12-22 07:55:00
135,1.0004710376326735,1.1483068525793165,-101.86,-10.42,2011-12-22 08:20:00
136,-4.150317362148537e-27,0.0,117.09,-77.41,2011-12-22 08:45:00
137,1.0030839205757784,0.0,66.09,7.57,2011-12-22 09:10:00
138,-4.030755979543881e-27,0.0,-65.7,79.13,2011-12-22 09:35:00
139,1.0002012502565543,0.0,-126.04,-5.21,2011-12-22 10:00:00
140,-4.061338825531054e-27,0.0,114.77,-80.46,2011-12-22 10:25:00
141,1.0135047326616646,0.0,41.9,2.36,2011-12-22 10:50:00
142,-4.0299716199662714e-27,0.0,-61.8,81.17,2011-12-22 11:15:00
143,1.0000564321408258,0.0,-150.24,-0.01,2011-12-22 11:40:00
144,-4.077107691881046e-27,0.0,122.8,-81.14,2011-12-22 12:05:00
145,1.161435241478061,1.17423103737246,17.7,-2.84,2011-12-22 12:30:00
146,-4.014325856982381e-27,0.0,-53.86,80.35,2011-12-22 12:55:00
147,1.0020486674668443,0.0,-174.44,5.2,2011-12-22 13:20:00
148,-4.1521273798799305e-27,0.0,126.1,-79.01,2011-12-22 13:45:00
149,1.3445755446871883,1.2617628114791306,-6.49,-8.05,2011-12-22 14:10:00
150,-4.005133391122086e-27,0.0,-56.7,77.22,2011-12-22 14:35:00
151,1.0098193259200694,0.0,161.38,10.41,2011-12-22 15:00:00
152,-4.2050488137765714e-27,0.0,117.76,-75.24,2011-12-22 15:25:00
153,1.235824449578971,1.278847478416622,-30.66,-13.25,2011-12-22 15:50:00
154,-4.028707276621144e-27,0.0,-69.21,73.0,2011-12-22 16:15:00
155,1.08105567859698,0.0,137.23,15.61,2011-12-22 16:40:00
156,-4.141521967891635e-27,0.0,102.32,-70.77,2011-12-22 17:05:00
157,1.0646038251083036,1.2457689424329497,-54.79,-18.45,2011-12-22 17:30:00
158,1684.718935762793,14.262573874267623,-86.76,68.32,2011-12-22 17:55:00
159,1.3140514345986103,0.0,113.12,20.81,2011-12-22 18:20:00
160,-3.8726697845413336e-27,0.0,83.29,-66.0,2011-12-22 18:45:00
161,1.1161129280832862,1.2326917324153863,-78.87,-23.64,2011-12-22 19:10:00
162,771.1946717439363,10.211389326824532,-106.91,63.42,2011-12-22 19:35:00
163,1.7269818523061917,1.1766191349600115,89.07,26.01,2011-12-22 20:00:00
164,1758.5663644447027,9.182945030763468,62.35,-61.05,2011-12-22 20:25:00
165,1.580194989919682,1.2901197688062769,-102.88,-28.82,2011-12-22 20:50:00
166,207.34369878186584,5.36859948188121,-128.49,58.42,2011-12-22 21:15:00
167,2.519865730318243,1.3259230955478774,65.11,31.21,2011-12-22 21:40:00
168,89.87754075635125,4.373816731132623,40.3,-56.03,2011-12-22 22:05:00
169,2.844462259144412,1.4626231548652697,-126.78,-34.0,2011-12-22 22:30:00
170,36.47650575232694,3.0730796476650264,-150.92,53.34,2011-12-22 22:55:00
171,3.7464135010028476,1.5225636420425983,41.27,36.39,2011-12-22 23:20:00
172,22.71616620445253,3.0888181128387675,17.57,-50.95,2011-12-22 23:45:00
173,6.407918226380526,1.8090257450662055,-150.54,-39.16,2011-12-23 00:10:00
174,10.830081706752964,2.1414530097255358,-173.91,48.22,2011-12-23 00:35:00
175,5.658804660286052,0.0,17.61,41.56,2011-12-23 01:00:00
176,9.082207493300135,2.402330935375385,-5.6,-45.83,2011-12-23 01:25:00
177,19.877968817109213,2.499669704245569,-174.1,-44.31,2011-12-23 01:50:00
178,5.11472532401642,1.694552845912908,162.74,43.07,2011-12-23 02:15:00
179,10.918911018381877,0.0,-5.83,46.72,2011-12-23 02:40:00
180,3.9641838935826414,1.86338100476659,-29.09,-40.69,2011-12-23 03:05:00
181,94.86205719878998,3.9978588517340343,162.62,-49.44,2011-12-23 03:30:00
182,3.352488555823921,1.4562570205030267,139.13,37.91,2011-12-23 03:55:00
183,36.93099358775855,0.0,-28.94,51.85,2011-12-23 04:20:00
184,1.9063568428956719,1.4862958429955264,-52.8,-35.53,2011-12-23 04:45:00
185,557.066528930471,7.382656897208944,139.74,-54.53,2011-12-23 05:10:00
186,2.5329299066490525,1.3102408367620004,115.34,32.73,2011-12-23 05:35:00
187,295.6890282915776,0.0,-51.56,56.94,2011-12-23 06:00:00
188,1.3655321828261662,1.307591514711662,-76.66,-30.36,2011-12-23 06:25:00
189,1276.2650362538434,0.0,117.46,-59.58,2011-12-23 06:50:00
190,1.882486385742372,1.2024747645007652,91.41,27.54,2011-12-23 07:15:00
191,-4.00034659309736e-27,0.0,-73.43,61.97,2011-12-23 07:40:00
192,1.3317787047329537,1.239707336930853,-100.64,-25.17,2011-12-23 08:05:00
193,-4.101039008088987e-27,0.0,96.13,-64.54,2011-12-23 08:30:00
194,1.4901324061172896,1.1518506123935677,67.39,22.34,2011-12-23 08:55:00
195,-4.092669755955395e-27,0.0,-94.08,66.91,2011-12-23 09:20:00
196,1.3323460659199649,1.2059117020993255,-124.7,-19.98,2011-12-23 09:45:00
197,1773.8971367421502,0.0,76.41,-69.38,2011-12-23 10:10:00
198,1.2314002411791245,0.0,43.29,17.14,2011-12-23 10:35:00
199,-4.102057776873274e-27,0.0,-112.57,71.66,2011-12-23 11:00:00
200,1.3103300329496501,1.178303958322804,-148.82,-14.79,2011-12-23 11:25:00
201,997.8580786327307,12.132235452844094,59.64,-73.96,2011-12-23 11:50:00
202,1.0338505864821008,0.0,19.15,11.94,2011-12-23 12:15:00
203,-4.095377019807391e-27,0.0,-126.93,76.05,2011-12-23 12:40:00
204,1.2665971294906928,1.1504800710767964,-172.98,-9.58,2011-12-23 13:05:00
205,876.4941107483876,11.878949919450719,48.67,-78.0,2011-12-23 13:30:00
206,1.0011404374059325,0.0,-5.03,6.73,2011-12-23 13:55:00
207,-4.0934894385801765e-27,0.0,-133.16,79.61,2011-12-23 14:20:00
208,1.2151624436091548,0.0,162.84,-4.38,2011-12-23 14:45:00
209,943.0376479418445,12.690149031745422,48.33,-80.76,2011-12-23 15:10:00
210,1.0010973888821324,1.1664801558746452,-29.22,1.53,2011-12-23 15:35:00
211,-4.090676728992251e-27,0.0,-127.53,81.24,2011-12-23 16:00:00
212,1.0924397992058763,0.0,138.64,0.83,2011-12-23 16:25:00
213,1220.57328593113,0.0,56.85,-80.96,2011-12-23 16:50:00
214,1.0389023275491782,1.2003036130241114,-53.42,-3.68,2011-12-23 17:15:00
215,-4.0911280314556685e-27,0.0,-120.65,79.96,2011-12-23 17:40:00
216,1.0047187424192365,0.0,114.45,6.03,2011-12-23 18:05:00
217,-3.6230164870179535e-27,0.0,58.21,-78.48,2011-12-23 18:30:00
218,1.0380856809871308,1.1916571593141314,-77.61,-8.88,2011-12-23 18:55:00
219,-4.09565456498383e-27,0.0,-125.41,76.58,2011-12-23 19:20:00
220,1.022716364771626,0.0,90.27,11.24,2011-12-23 19:45:00
221,-3.425641828850932e-27,0.0,48.4,-74.56,2011-12-23 20:10:00
222,1.0239613204674491,1.1576541120343506,-101.77,-14.08,2011-12-23 20:35:00
223,1127.4355628382616,12.862310939186363,-139.0,72.26,2011-12-23 21:00:00
224,1.180981090380999,0.0,66.12,16.44,2011-12-23 21:25:00
225,1877.9333083796682,9.375184068466686,32.21,-70.03,2011-12-23 21:50:00
226,1.3099696748383751,1.2000506852622417,-125.9,-19.28,2011-12-23 22:15:00
227,429.6501698256984,7.25484064405079,-157.1,67.54,2011-12-23 22:40:00
228,1.4739361301509148,1.1773083105053546,42.02,21.65,2011-12-23 23:05:00
229,138.39726489005065,4.9900913153804725,12.79,-65.21,2011-12-23 23:30:00
230,2.108958775654897,1.327361999379612,-149.97,-24.47,2011-12-23 23:55:00
231,95.49489267520808,4.143922308111456,-177.53,62.62,2011-12-24 00:20:00
232,1.7928909093896954,1.2489428334501635,17.98,26.84,2011-12-24 00:45:00
233,33.61190829822692,3.4229987134031568,-8.36,-60.25,2011-12-24 01:10:00
234,4.23383147101247,1.5837245632005994,-173.96,-29.65,2011-12-24 01:35:00
235,29.919919357729217,2.86179941032412,160.73,57.6,2011-12-24 02:00:00
236,2.5422266465037358,1.3879696678136686,-5.96,32.05,2011-12-24 02:25:00
237,11.658561756787138,2.5162169606412172,-30.54,-55.21,2011-12-24 02:50:00
238,10.654728357045512,2.048577830275216,162.16,-34.84,2011-12-24 03:15:00
239,14.727469989397372,2.261612546300561,138.19,52.52,2011-12-24 03:40:00
240,5.373133725770335,0.0,-29.77,37.23,2011-12-24 04:05:00
241,5.017628960762461,1.936759758131927,-53.35,-50.13,2011-12-24 04:30:00
242,31.553896493661274,2.810929455568623,138.43,-40.0,2011-12-24 04:55:00
243,9.220837900450084,1.9198462037313535,115.13,47.39,2011-12-24 05:20:00
244,19.502110233609425,0.0,-53.41,42.4,2011-12-24 05:45:00
245,3.1095852857094615,1.6282930362721224,-76.59,-45.0,2011-12-24 06:10:00
246,95.76728162912478,3.9929612427705634,114.91,-45.14,2011-12-24 06:35:00
247,5.94855270864855,1.671419510170418,91.73,42.24,2011-12-24 07:00:00
248,86.21688121260081,3.909893494103939,-76.8,47.55,2011-12-24 07:25:00
249,2.8266911659512095,1.5111149184913246,-100.12,-39.86,2011-12-24 07:50:00
250,193.29846027884258,5.223586111441798,91.68,-50.26,2011-12-24 08:15:00
251,3.9135239767162457,1.4990967857344075,68.09,37.07,2011-12-24 08:40:00
252,249.63155951140808,5.246058244241995,-99.84,52.67,2011-12-24 09:05:00
253,2.857404031569646,1.4681217442531198,-123.85,-34.7,2011-12-24 09:30:00
254,208.48654798786976,5.675944417375003,68.88,-55.35,2011-12-24 09:55:00
255,2.6824385088712823,1.3784231321033535,44.27,31.89,2011-12-24 10:20:00
256,372.47433544416555,5.881407687894922,-122.36,57.76,2011-12-24 10:45:00
257,2.8274254125104026,1.4375497652754976,-147.73,-29.52,2011-12-24 11:10:00
258,176.33050160284364,5.612977354768509,46.72,-60.38,2011-12-24 11:35:00
259,1.7904909179712785,1.2477712410393615,20.33,26.7,2011-12-24 12:00:00
260,477.87590622953036,6.333055509919619,-144.07,62.78,2011-12-24 12:25:00
261,2.7294074181545076,1.4024921188785486,-171.73,-24.34,2011-12-24 12:50:00
262,158.49758077880455,5.52388145210795,25.6,-65.33,2011-12-24 13:15:00
263,1.3467519796709875,1.178226234225543,-3.71,21.5,2011-12-24 13:40:00
264,965.8562210583756,7.636772355092658,-164.45,67.69,2011-12-24 14:05:00
265,2.5318046194115564,1.3536522643973181,164.2,-19.14,2011-12-24 14:30:00
266,167.43978005150376,5.603169374916407,6.24,-70.14,2011-12-24 14:55:00
267,1.2567750900456571,1.188308407850817,-27.81,16.3,2011-12-24 15:20:00
268,-4.040512636492175e-27,0.0,177.55,72.4,2011-12-24 15:45:00
269,2.071566513008783,1.2589849471257302,140.07,-13.95,2011-12-24 16:10:00
270,220.94055871310886,6.064099203594389,-9.84,-74.66,2011-12-24 16:35:00
271,1.511031371896092,1.2771401839908954,-51.96,11.09,2011-12-24 17:00:00
272,-4.097568964455846e-27,0.0,164.13,76.7,2011-12-24 17:25:00
273,1.5468483466231224,1.150022018855606,115.91,-8.74,2011-12-24 17:50:00
274,375.61173656791874,7.142016444248331,-19.44,-78.57,2011-12-24 18:15:00
275,1.6132396038593275,1.299732722375438,-76.14,5.89,2011-12-24 18:40:00
276,-4.112489458514559e-27,0.0,159.72,80.04,2011-12-24 19:05:00
277,1.2336717355735802,0.0,91.72,-3.54,2011-12-24 19:30:00
278,677.4240420813281,0.0,-17.77,-80.99,2011-12-24 19:55:00
279,1.169563271051177,1.1778946250104603,-100.34,0.68,2011-12-24 20:20:00
280,-4.10827089449367e-27,0.0,166.79,81.23,2011-12-24 20:45:00
281,1.0356933439234182,0.0,67.52,1.66,2011-12-24 21:10:00
282,1329.583434163751,0.0,-9.29,-80.72,2011-12-24 21:35:00
283,1.0004798920544125,0.0,-124.54,-4.52,2011-12-24 22:00:00
284,1783.4079226676563,0.0,172.15,79.53,2011-12-24 22:25:00
285,1.0037361129051914,0.0,43.33,6.87,2011-12-24 22:50:00
286,1019.5473908366439,8.350498626915428,-9.94,-77.91,2011-12-24 23:15:00
287,1.120661345782742,0.0,-148.72,-9.72,2011-12-24 23:40:00
288,2.6640639515832745,1.3906383730119614,29.11,32.34,2011-12-26 00:05:00
289,25.591768994061045,3.2056069780100556,4.6,-54.93,2011-12-26 00:30:00
290,5.61876817377019,1.729896418293117,-162.76,-35.13,2011-12-26 00:55:00
291,15.12728997018792,2.349056110216539,173.31,52.23,2011-12-26 01:20:00
292,3.8778359748819864,0.0,5.31,37.52,2011-12-26 01:45:00
293,9.473837663355933,2.4138748499991514,-18.24,-49.84,2011-12-26 02:10:00
294,16.318514088015196,2.3427037897243475,173.52,-40.29,2011-12-26 02:35:00
295,7.530425018474086,1.8722549382306122,150.23,47.1,2011-12-26 03:00:00
296,7.843149039578983,0.0,-18.32,42.69,2011-12-26 03:25:00
297,3.967511296311638,1.8466418085922627,-41.5,-44.71,2011-12-26 03:50:00
298,64.89405685394976,3.5335357148151454,150.01,-45.43,2011-12-26 04:15:00
299,5.031392959780474,1.6134469071767603,126.81,41.95,2011-12-26 04:40:00
300,28.638777384153517,0.0,-41.69,47.84,2011-12-26 05:05:00
301,2.1396251981700813,1.5085193963828802,-65.04,-39.57,2011-12-26 05:30:00
302,284.99814980711136,5.7848876851002755,126.8,-50.55,2011-12-26 05:55:00
303,3.561706880929929,1.4345868503801524,103.16,36.78,2011-12-26 06:20:00
304,197.1891236089289,5.007358042108306,-64.71,52.96,2011-12-26 06:45:00
305,1.7794947597585877,1.3660725469115071,-88.78,-34.4,2011-12-26 07:10:00
306,643.3662987785218,0.0,104.03,-55.64,2011-12-26 07:35:00
307,2.5056813935946654,1.3074568075100932,79.33,31.59,2011-12-26 08:00:00
308,3012.5533350853407,0.0,-87.19,58.05,2011-12-26 08:25:00
309,1.7933887316667168,1.3144096252548136,-112.67,-29.23,2011-12-26 08:50:00
310,680.7342959795409,9.230727542809138,81.92,-60.67,2011-12-26 09:15:00
311,1.890697548472746,1.2390612124668392,55.38,26.4,2011-12-26 09:40:00
312,-4.077555474099763e-27,0.0,-108.85,63.06,2011-12-26 10:05:00
313,1.7771210881948458,1.2824313389091095,-136.67,-24.04,2011-12-26 10:30:00
314,550.9238867934657,8.844344964506915,60.87,-65.61,2011-12-26 10:55:00
315,1.403504188862744,1.170121999234373,31.34,21.2,2011-12-26 11:20:00
316,-4.064335473472282e-27,0.0,-129.13,67.97,2011-12-26 11:45:00
317,1.7296288998758629,1.2515319545571681,-160.74,-18.85,2011-12-26 12:10:00
318,466.68390862003514,8.431386484555965,41.64,-70.41,2011-12-26 12:35:00
319,1.1099691143998573,0.0,7.24,16.0,2011-12-26 13:00:00
320,-4.062674137734708e-27,0.0,-146.94,72.66,2011-12-26 13:25:00
321,1.6501847151464428,1.2185332861937936,175.13,-13.65,2011-12-26 13:50:00
322,468.3046578364855,0.0,25.83,-74.91,2011-12-26 14:15:00
323,1.0308430434940488,0.0,-16.91,10.8,2011-12-26 14:40:00
324,-4.0818961205796185e-27,0.0,-159.95,76.93,2011-12-26 15:05:00
325,1.4920036176782536,1.168811464607264,150.96,-8.45,2011-12-26 15:30:00
326,569.0686159518175,9.204195556179757,16.75,-78.75,2011-12-26 15:55:00
327,1.0850372490580973,1.1833665926220585,-41.1,5.59,2011-12-26 16:20:00
328,-4.094869003131056e-27,0.0,-163.68,80.18,2011-12-26 16:45:00
329,1.2216995206882457,0.0,126.77,-3.24,2011-12-26 17:10:00
330,777.3835641713487,0.0,19.08,-81.06,2011-12-26 17:35:00
331,1.2466525655843779,1.2426613586044932,-65.29,0.39,2011-12-26 18:00:00
332,-4.095283330460491e-27,0.0,-156.2,81.21,2011-12-26 18:25:00
333,1.0578276277503933,0.0,102.57,1.96,2011-12-26 18:50:00
334,1660.646049834811,0.0,27.41,-80.61,2011-12-26 19:15:00
335,1.0803998991827999,1.177298097558107,-89.49,-4.82,2011-12-26 19:40:00
336,-4.092309448764919e-27,0.0,-151.47,79.36,2011-12-26 20:05:00
337,1.0000135483066865,0.0,78.38,7.17,2011-12-26 20:30:00
338,-3.322227413436543e-27,0.0,26.07,-77.71,2011-12-26 20:55:00
339,1.0101280602956602,0.0,-113.67,-10.02,2011-12-26 21:20:00
340,1247.2364896202857,13.551748928992337,-158.62,75.69,2011-12-26 21:45:00
341,1.0775460754788004,0.0,54.2,12.37,2011-12-26 22:10:00
342,1117.5915244393013,8.47881331779102,14.47,-73.6,2011-12-26 22:35:00
343,1.2353394642486013,1.1717081557136015,-137.83,-15.22,2011-12-26 23:00:00
344,594.3878943186553,8.374058951291453,-173.46,71.26,2011-12-26 23:25:00
345,1.2134792820109639,0.0,30.06,17.58,2011-12-26 23:50:00
346,153.53664482811976,5.091176726558811,-2.61,-68.99,2011-12-27 00:15:00
347,1.9038790095070206,1.281858117863605,-161.95,-20.41,2011-12-27 00:40:00
348,167.35596122258315,4.981019779214511,167.8,66.48,2011-12-27 01:05:00
349,1.4192710682807246,1.184611707521656,5.98,22.78,2011-12-27 01:30:00
350,39.006492000153315,3.5085901102885155,-22.5,-64.14,2011-12-27 01:55:00
351,3.639745878808942,1.5061799824712723,174.0,-25.6,2011-12-27 02:20:00
352,56.35348969552384,3.4522341780754404,147.02,61.54,2011-12-27 02:45:00
353,2.0650525818473895,1.3226069637252045,-18.04,27.98,2011-12-27 03:10:00
354,13.955414116442425,2.5882342252049173,-43.93,-59.17,2011-12-27 03:35:00
355,8.083188169982222,1.870257758271592,150.03,-30.79,2011-12-27 04:00:00
356,27.34565515889706,2.708147710187653,125.07,56.5,2011-12-27 04:25:00
357,4.913265987924199,0.0,-41.96,33.17,2011-12-27 04:50:00
358,6.675546477737579,2.046088166875398,-66.27,-54.12,2011-12-27 05:15:00
359,19.02310735735552,2.396160277832474,126.18,-35.96,2011-12-27 05:40:00
360,15.707595946338152,2.2539443290562207,102.4,51.41,2011-12-27 06:05:00
361,16.89311266266662,2.4503618137470053,-65.73,38.35,2011-12-27 06:30:00
362,4.831882208432978,1.7901280942320141,-89.19,-49.02,2011-12-27 06:55:00
363,42.91177423797332,3.1179519042808934,102.49,-41.12,2011-12-27 07:20:00
364,9.223538666757852,1.9256782524473854,79.26,46.28,2011-12-27 07:45:00
365,45.381711421838254,3.217456915715166,-89.32,43.52,2011-12-27 08:10:00
366,4.653992165162728,1.702462480205488,-112.5,-43.89,2011-12-27 08:35:00
367,66.5970237425173,3.7354819261683585,79.03,-46.26,2011-12-27 09:00:00
368,5.67475199930463,1.6961462301358163,55.8,41.12,2011-12-27 09:25:00
369,66.43810859744917,3.5953623311142993,-112.65,48.66,2011-12-27 09:50:00
370,4.700240450257386,1.6685922909199906,-136.07,-38.74,2011-12-27 10:15:00
371,68.25750170632821,4.002430937513672,55.88,-51.37,2011-12-27 10:40:00
372,3.540390387233837,0.0,32.11,35.95,2011-12-27 11:05:00
373,71.29510448524304,3.6953868678093365,-135.6,53.78,2011-12-27 11:30:00
374,4.652985025969718,1.6407997576628903,-159.84,-33.57,2011-12-27 11:55:00
375,63.11411246115272,4.1038444909542395,33.19,-56.45,2011-12-27 12:20:00
376,2.264100657328153,1.3345420767597518,8.26,30.76,2011-12-27 12:45:00
377,84.07991780775203,3.893853692479666,-157.97,58.85,2011-12-27 13:10:00
378,4.443465136681883,1.5964368023946047,176.25,-28.4,2011-12-27 13:35:00
379,61.41584419101722,4.1284065413597135,11.22,-61.47,2011-12-27 14:00:00
380,1.740008017701906,1.2632073042572158,-15.7,25.57,2011-12-27 14:25:00
381,143.50504218295245,4.523586315120681,-179.45,63.85,2011-12-27 14:50:00
382,3.845646003218005,1.5066401479869391,152.24,-23.21,2011-12-27 15:15:00
383,66.38307732987904,4.169416326320709,-9.6,-66.39,2011-12-27 15:40:00
384,1.8235053889106978,1.3108781704990047,-39.76,20.37,2011-12-27 16:05:00
385,420.32460591509425,6.107886878566785,160.57,68.73,2011-12-27 16:30:00
386,2.7950824033130197,1.3547045809499223,128.15,-18.02,2011-12-27 16:55:00
387,90.28173722420769,4.471531300976233,-28.42,-71.15,2011-12-27 17:20:00
388,2.3232410064874696,0.0,-63.87,15.17,2011-12-27 17:45:00
389,7172.747500284165,10.825727543243,143.33,73.38,2011-12-27 18:10:00
390,1.9743535456564842,1.223466745815006,104.01,-12.82,2011-12-27 18:35:00
391,166.4451545680754,5.294583243827671,-43.44,-75.58,2011-12-27 19:00:00
392,1.896163532361312,1.3255219084182888,-88.03,9.96,2011-12-27 19:25:00
393,-4.142692530291286e-27,0.0,131.44,77.54,2011-12-27 19:50:00
394,1.4270438808933603,1.1416138992878728,79.84,-7.62,2011-12-27 20:15:00
395,366.582851619731,6.726577092744605,-50.97,-79.26,2011-12-27 20:40:00
396,1.2269666371177435,1.178822460389168,-112.21,4.76,2011-12-27 21:05:00
397,-4.131909005705694e-27,0.0,129.66,80.53,2011-12-27 21:30:00
398,1.1014916663528789,0.0,55.65,-2.41,2011-12-27 21:55:00
399,681.5775034748402,8.116192386955401,-46.74,-81.19,2011-12-27 22:20:00
400,1.007538055816453,0.0,-136.41,-0.45,2011-12-27 22:45:00
401,-4.125662010544625e-27,0.0,138.0,81.1,2011-12-27 23:10:00
402,1.0167182251527846,0.0,31.45,2.8,2011-12-27 23:35:00
403,972.9533175244518,8.244101645737441,-39.15,-80.27,2011-12-28 00:00:00
404,1.072918180974328,0.0,-160.61,-5.65,2011-12-28 00:25:00
405,1281.4376419641478,12.860319848026082,140.89,78.85,2011-12-28 00:50:00
406,25.197843657679922,2.716384107693871,-86.26,39.48,2011-12-29 18:55:00
407,13.52678657819106,2.151426985477838,105.46,50.29,2011-12-29 19:20:00
408,18.3783759944529,2.4552843346692397,81.84,-37.1,2011-12-29 19:45:00
409,6.666432065143463,1.9726904104996643,-85.94,-52.99,2011-12-29 20:10:00
410,9.575725717636779,2.0318772394881894,-110.0,34.3,2011-12-29 20:35:00
411,29.218366619922048,2.739654592888782,82.67,55.4,2011-12-29 21:00:00
412,6.839386899583731,1.934304569013112,58.02,-31.93,2011-12-29 21:25:00
413,17.30825596548748,2.509526533945024,-108.43,-58.05,2011-12-29 21:50:00
414,3.6899292019053256,1.5584842692446343,-133.89,29.11,2011-12-29 22:15:00
415,70.50387240381512,3.6395326546456466,60.53,60.45,2011-12-29 22:40:00
416,3.5574692933382317,1.6952605464681891,34.07,-26.75,2011-12-29 23:05:00
417,65.5522958178597,3.677757783965942,-130.1,-63.05,2011-12-29 23:30:00
418,1.8979013789159587,1.3094957563984353,-157.89,23.92,2011-12-29 23:55:00
419,233.30614356755555,5.24138881925724,39.45,65.42,2011-12-30 00:20:00
420,2.5641894450205047,1.5560869932128543,10.04,-21.56,2011-12-30 00:45:00
421,391.4014162581387,6.4253492923718625,-150.41,-67.93,2011-12-30 01:10:00
422,1.2560850919581918,1.1662216874485032,178.04,18.71,2011-12-30 01:35:00
423,1737.0360369517496,9.240638469090234,20.16,70.25,2011-12-30 02:00:00
424,1.7046018941715622,1.387801212354627,-14.06,-16.36,2011-12-30 02:25:00
425,-4.169522474652623e-27,0.0,-168.27,-72.61,2011-12-30 02:50:00
426,1.0388573248266195,0.0,153.91,13.51,2011-12-30 03:15:00
427,-3.8900597198870414e-27,0.0,4.24,74.78,2011-12-30 03:40:00
428,1.0852515164563572,1.234203809975014,-38.21,-11.16,2011-12-30 04:05:00
429,-4.1969657127526926e-27,0.0,178.57,-76.87,2011-12-30 04:30:00
430,1.0000313424446703,0.0,129.74,8.3,2011-12-30 04:55:00
431,-3.944608042481591e-27,0.0,-5.0,78.67,2011-12-30 05:20:00
432,1.0588216014643088,1.2090325021007826,-62.39,-5.95,2011-12-30 05:45:00
433,-4.134932935973443e-27,0.0,174.56,-80.13,2011-12-30 06:10:00
434,1.0366649391460365,0.0,105.55,3.09,2011-12-30 06:35:00
435,-3.976544382850941e-27,0.0,-2.77,81.04,2011-12-30 07:00:00
436,1.2137586884364222,1.2069585340214157,-86.59,-0.75,2011-12-30 07:25:00
437,-4.084351072343692e-27,0.0,-178.24,-81.22,2011-12-30 07:50:00
438,1.1577999072544407,0.0,81.35,-2.12,2011-12-30 08:15:00
439,-3.9743215170655065e-27,0.0,5.76,80.64,2011-12-30 08:40:00
440,1.2268212241287015,1.1795706163137467,-110.79,4.46,2011-12-30 09:05:00
441,-4.1095839237127656e-27,0.0,-173.36,-79.44,2011-12-30 09:30:00
442,1.289825035878005,1.158827440725,57.16,-7.32,2011-12-30 09:55:00
443,1765.1076407087203,0.0,4.67,77.74,2011-12-30 10:20:00
444,1.239276691353394,1.1732709913615114,-134.97,9.67,2011-12-30 10:45:00
445,-4.210841944819122e-27,0.0,179.72,-75.82,2011-12-30 11:10:00
446,1.577081090296111,1.291577940796929,32.99,-12.53,2011-12-30 11:35:00
447,991.9906749957515,11.890302558875433,-6.81,73.62,2011-12-30 12:00:00
448,1.26576068188424,1.1765049298113295,-159.13,14.88,2011-12-30 12:25:00
449,-4.344527763583547e-27,0.0,165.01,-71.42,2011-12-30 12:50:00
450,2.1178623925857156,1.453370543925159,8.85,-17.72,2011-12-30 13:15:00
451,719.9525520759767,0.0,-23.85,68.99,2011-12-30 13:40:00
452,1.3080413400102193,1.1779317647858942,176.75,20.09,2011-12-30 14:05:00
453,-4.451231527214149e-27,0.0,146.36,-66.67,2011-12-30 14:30:00
454,2.1819835922562474,1.5173098418641084,-15.24,-22.92,2011-12-30 14:55:00
455,571.7518966942192,0.0,-43.72,64.12,2011-12-30 15:20:00
456,1.4865698326983778,1.1898732523124882,152.7,25.29,2011-12-30 15:45:00
457,-4.449393558857048e-27,0.0,125.63,-61.75,2011-12-30 16:10:00
458,1.7191475713544706,1.4448103727442252,-39.26,-28.11,2011-12-30 16:35:00
459,461.9065052452431,0.0,-65.14,59.12,2011-12-30 17:00:00
460,2.073791477882846,1.257195652505356,128.72,30.46,2011-12-30 17:25:00
461,-4.2324338024313405e-27,0.0,103.69,-56.76,2011-12-30 17:50:00
462,1.5556611810196053,1.3880522419914632,-63.17,-33.29,2011-12-30 18:15:00
463,267.99825868026426,5.902695460707405,-87.48,54.05,2011-12-30 18:40:00
464,3.240262341247854,1.396492685342767,104.87,35.65,2011-12-30 19:05:00
465,278.1951569874108,5.538567886735948,81.04,-51.69,2011-12-30 19:30:00
466,2.1867156790462885,1.4485697899327707,-86.95,-38.45,2011-12-30 19:55:00
467,70.00313428522348,3.709262176747101,-110.4,48.93,2011-12-30 20:20:00
468,5.31292246075725,1.623508711307122,81.17,40.82,2011-12-30 20:45:00
469,38.766400152854416,3.2972485857351463,57.92,-46.57,2011-12-30 21:10:00
470,4.394271581839021,1.6794661356145646,-110.54,-43.61,2011-12-30 21:35:00
471,15.857048913663792,2.378231970861682,-133.71,43.78,2011-12-30 22:00:00
472,9.175392989607467,1.9611286136653912,57.69,45.98,2011-12-30 22:25:00
473,11.926370626747245,2.4836968376407005,34.47,-41.43,2011-12-30 22:50:00
474,11.385732534608438,2.163446367495441,-133.87,-48.74,2011-12-30 23:15:00
475,5.39800279814764,1.750313156477324,-157.29,38.62,2011-12-30 23:40:00
476,16.794338902228482,0.0,34.53,51.11,2011-12-31 00:05:00
477,5.957138355768304,2.094264355787599,10.79,-36.28,2011-12-31 00:30:00
478,43.222984421841396,3.188857696214687,-156.81,-53.84,2011-12-31 00:55:00
479,2.646145550944311,1.42660990935897,178.94,33.44,2011-12-31 01:20:00
480,38.8194751371131,0.0,11.83,56.21,2011-12-31 01:45:00
481,3.286626708723951,1.7445927861794672,-13.05,-31.1,2011-12-31 02:10:00
482,287.6267577010701,5.748444095846753,-179.21,-58.85,2011-12-31 02:35:00
483,1.7265185643218353,1.2413050494934226,155.03,28.28,2011-12-31 03:00:00
484,164.830832889288,0.0,-10.17,61.25,2011-12-31 03:25:00
485,1.6489531684494758,1.4231719034684824,-37.01,-25.92,2011-12-31 03:50:00
486,1517.925584145633,12.09157578817416,159.29,-63.83,2011-12-31 04:15:00
487,1.3945930176883485,0.0,131.02,23.09,2011-12-31 04:40:00
488,-3.80647267927054e-27,0.0,-31.04,66.2,2011-12-31 05:05:00
489,1.0692439308690684,1.2462424367195009,-61.06,-20.73,2011-12-31 05:30:00
490,-4.426003917245654e-27,0.0,139.28,-68.69,2011-12-31 05:55:00
491,1.1853230735501545,0.0,106.93,17.88,2011-12-31 06:20:00
492,-3.9466866521285196e-27,0.0,-49.92,70.99,2011-12-31 06:45:00
493,1.0060904080416342,1.1805489392856834,-85.17,-15.54,2011-12-31 07:10:00
494,-4.272276274365578e-27,0.0,121.96,-73.33,2011-12-31 07:35:00
495,1.049473823256746,0.0,82.79,12.68,2011-12-31 08:00:00
496,-4.021836185831921e-27,0.0,-65.07,75.46,2011-12-31 08:25:00
497,1.0062177979629179,1.1415808477473774,-109.33,-10.34,2011-12-31 08:50:00
498,-4.10160527107147e-27,0.0,109.9,-77.48,2011-12-31 09:15:00
499,1.0052675802805813,0.0,58.62,7.48,2011-12-31 09:40:00
500,-4.044284132313009e-27,0.0,-72.8,79.18,2011-12-31 10:05:00
501,1.0041504382944937,0.0,-133.51,-5.13,2011-12-31 10:30:00
502,-4.022734065660672e-27,0.0,107.77,-80.49,2011-12-31 10:55:00
503,1.0192542905297757,0.0,34.43,2.27,2011-12-31 11:20:00
504,-4.040329653764142e-27,0.0,-68.7,81.18,2011-12-31 11:45:00
505,1.0013733526685953,0.0,-157.71,0.07,2011-12-31 12:10:00
506,-4.048627540059791e-27,0.0,115.87,-81.12,2011-12-31 12:35:00
507,1.176834199758724,1.1846671383499605,10.23,-2.94,2011-12-31 13:00:00
508,-4.025998007499742e-27,0.0,-60.86,80.31,2011-12-31 13:25:00
509,1.0000006105863781,0.0,178.09,5.28,2011-12-31 13:50:00
510,-4.121332771922591e-27,0.0,118.97,-78.95,2011-12-31 14:15:00
511,1.2856146317078885,1.2572711801699576,-13.96,-8.14,2011-12-31 14:40:00
512,-4.022663445640056e-27,0.0,-63.91,77.15,2011-12-31 15:05:00
513,1.0067005611758717,0.0,153.91,10.49,2011-12-31 15:30:00
514,-4.153007397645375e-27,0.0,110.48,-75.17,2011-12-31 15:55:00
515,1.1300403416343006,1.2536679018617167,-38.13,-13.34,2011-12-31 16:20:00
516,-4.051677842381977e-27,0.0,-76.54,72.92,2011-12-31 16:45:00
517,1.0918966632391833,0.0,129.76,15.69,2011-12-31 17:10:00
518,-4.04805750273249e-27,0.0,94.95,-70.7,2011-12-31 17:35:00
519,1.0317352966792082,1.2297136654494802,-62.26,-18.54,2011-12-31 18:00:00
520,1543.1694178645198,0.0,-94.16,68.24,2011-12-31 18:25:00
521,1.3260319105886569,0.0,105.65,20.89,2011-12-31 18:50:00
522,-3.728804383132874e-27,0.0,75.88,-65.92,2011-12-31 19:15:00
523,1.1520485657967559,1.2255649516414056,-86.34,-23.73,2011-12-31 19:40:00
524,689.0919711976071,9.391922243788256,-114.33,63.34,2011-12-31 20:05:00
525,1.7559259749729996,1.1865044420664832,81.6,26.09,2011-12-31 20:30:00
526,685.2087459765244,7.398132842561026,54.92,-60.98,2011-12-31 20:55:00
527,1.7197337159499055,1.3045445349702298,-110.34,-28.91,2011-12-31 21:20:00
528,152.03475378544417,4.817369913596962,-135.92,58.33,2011-12-31 21:45:00
529,2.5669883531269932,1.3426840682554027,57.65,31.28,2011-12-31 22:10:00
530,66.1727408822551,4.068074097656899,32.86,-55.95,2011-12-31 22:35:00
531,3.1932055615977184,1.5001777340860827,-134.24,-34.08,2011-12-31 23:00:00
532,29.22243353487291,2.8769092874778166,-158.37,53.26,2011-12-31 23:25:00
533,3.709608418030166,0.0,33.81,36.47,2011-12-31 23:50:00
