614
3
1
bb0,lm,lat,lon,date
0,26.272674096199072,2.998615054171921,-180.0,90.0,2020-12-11 12:12:12
1,22.002793795429866,2.998049260665627,-180.0,90.0,2020-12-11 12:12:12
2,34.99364310734787,2.9919360901550287,-180.0,90.0,2020-12-11 12:12:12
3,36.21931022027648,2.9882073144466146,-180.0,90.0,2020-12-11 12:12:12
4,29.082578872266332,2.9707106719611627,-180.0,90.0,2020-12-11 12:12:12
5,20.93185784209051,2.961443490748498,-180.0,90.0,2020-12-11 12:12:12
6,19.09944052504542,2.9464743451212114,-180.0,90.0,2020-12-11 12:12:12
7,32.21062490519729,2.922230788065655,-180.0,90.0,2020-12-11 12:12:12
8,31.946184323340816,2.906346818305552,-180.0,90.0,2020-12-11 12:12:12
9,31.932766209617686,2.903910151351964,-180.0,90.0,2020-12-11 12:12:12
10,31.371332151275038,2.9038430186209316,-180.0,90.0,2020-12-11 12:12:12
11,30.79567985713095,2.901223204964057,-180.0,90.0,2020-12-11 12:12:12
12,24.9116332911998,2.8985264544038682,-180.0,90.0,2020-12-11 12:12:12
13,28.09538122362782,2.8712916899234453,-180.0,90.0,2020-12-11 12:12:12
14,18.442347230684096,2.8544841248029913,-180.0,90.0,2020-12-11 12:12:12
15,27.440884377022766,2.8457635419313334,-180.0,90.0,2020-12-11 12:12:12
16,21.34713004166904,2.836520214933195,-180.0,90.0,2020-12-11 12:12:12
17,31.944627139330883,2.830742918951737,-180.0,90.0,2020-12-11 12:12:12
18,28.603342184922322,2.825819921201735,-180.0,90.0,2020-12-11 12:12:12
19,31.9779113567399,2.817707525602898,-180.0,90.0,2020-12-11 12:12:12
20,31.88728488192276,2.817248274771861,-180.0,90.0,2020-12-11 12:12:12
21,15.935575585904832,2.8106467307511767,-180.0,90.0,2020-12-11 12:12:12
22,27.200089583746987,2.7851582727991717,-180.0,90.0,2020-12-11 12:12:12
23,24.460859683939756,2.775322639678282,-180.0,90.0,2020-12-11 12:12:12
24,29.40159278338439,2.7305155176989966,-180.0,90.0,2020-12-11 12:12:12
25,22.964237004047938,2.713112391512659,-180.0,90.0,2020-12-11 12:12:12
26,27.640227698003226,2.6903782675732604,-180.0,90.0,2020-12-11 12:12:12
27,27.88498038590062,2.6872148334081194,-180.0,90.0,2020-12-11 12:12:12
28,22.727198993878932,2.6844551132636405,-180.0,90.0,2020-12-11 12:12:12
29,13.562417613900207,2.656415842009242,-180.0,90.0,2020-12-11 12:12:12
30,22.461557619026877,2.6398117068032825,-180.0,90.0,2020-12-11 12:12:12
31,25.706190973754993,2.6324997121529443,-180.0,90.0,2020-12-11 12:12:12
32,16.074804544493187,2.6174872353815397,-180.0,90.0,2020-12-11 12:12:12
33,22.31202974067483,2.6143512575391603,-180.0,90.0,2020-12-11 12:12:12
34,20.51109134725825,2.6120978973410263,-180.0,90.0,2020-12-11 12:12:12
35,24.227361877158415,2.611775644281403,-180.0,90.0,2020-12-11 12:12:12
36,23.21885974183706,2.6086813356495644,-180.0,90.0,2020-12-11 12:12:12
37,12.03738578985799,2.603330098168216,-180.0,90.0,2020-12-11 12:12:12
38,21.490710006382173,2.6030407418950268,-180.0,90.0,2020-12-11 12:12:12
39,21.03358302110032,2.591208690166542,-180.0,90.0,2020-12-11 12:12:12
40,21.111248099846026,2.559845104922062,-180.0,90.0,2020-12-11 12:12:12
41,20.652355615075994,2.5454982099979344,-180.0,90.0,2020-12-11 12:12:12
42,21.058369333004308,2.544648691069715,-180.0,90.0,2020-12-11 12:12:12
43,21.36627714241528,2.5365311454038935,-180.0,90.0,2020-12-11 12:12:12
44,22.485690469149088,2.535429810826591,-180.0,90.0,2020-12-11 12:12:12
45,20.538324745267857,2.528748027601028,-180.0,90.0,2020-12-11 12:12:12
46,20.09224781298135,2.5259553600833278,-180.0,90.0,2020-12-11 12:12:12
47,17.46312033995734,2.510028028018223,-180.0,90.0,2020-12-11 12:12:12
48,18.595461927002027,2.501110450869388,-180.0,90.0,2020-12-11 12:12:12
49,11.851692603638986,2.495934840120572,-180.0,90.0,2020-12-11 12:12:12
50,18.734170873722714,2.4938588756633693,-180.0,90.0,2020-12-11 12:12:12
51,20.25314433902494,2.48926240940028,-180.0,90.0,2020-12-11 12:12:12
52,17.383670308146463,2.474216336055509,-180.0,90.0,2020-12-11 12:12:12
53,13.321103839176818,2.4536594998327477,-180.0,90.0,2020-12-11 12:12:12
54,18.356627013451142,2.442921511758703,-180.0,90.0,2020-12-11 12:12:12
55,11.422481572938166,2.4362808446775888,-180.0,90.0,2020-12-11 12:12:12
56,9.585885203266681,2.4266037040943402,-180.0,90.0,2020-12-11 12:12:12
57,13.770713907154688,2.4220637334999178,-180.0,90.0,2020-12-11 12:12:12
58,15.375341852411855,2.418678837308613,-180.0,90.0,2020-12-11 12:12:12
59,19.45049300002198,2.4176118805662,-180.0,90.0,2020-12-11 12:12:12
60,18.065884654244055,2.4026944332658178,-180.0,90.0,2020-12-11 12:12:12
61,9.057419062304303,2.400851501940339,-180.0,90.0,2020-12-11 12:12:12
62,9.01192011784139,2.398878890267033,-180.0,90.0,2020-12-11 12:12:12
63,18.857176994474692,2.386150169865399,-180.0,90.0,2020-12-11 12:12:12
64,16.263459534158002,2.3822402963721827,-180.0,90.0,2020-12-11 12:12:12
65,18.53755379786182,2.371425713201137,-180.0,90.0,2020-12-11 12:12:12
66,10.001131245491194,2.366893966499138,-180.0,90.0,2020-12-11 12:12:12
67,11.935179572540205,2.3619009558375588,-180.0,90.0,2020-12-11 12:12:12
68,10.038091119078805,2.358498199258152,-180.0,90.0,2020-12-11 12:12:12
69,15.289933287633117,2.357541978231283,-180.0,90.0,2020-12-11 12:12:12
70,15.123934563689202,2.354664862364772,-180.0,90.0,2020-12-11 12:12:12
71,9.024936248011505,2.3499977395541425,-180.0,90.0,2020-12-11 12:12:12
72,9.386495312283895,2.3481307553949096,-180.0,90.0,2020-12-11 12:12:12
73,13.60199989843729,2.3460555607999334,-180.0,90.0,2020-12-11 12:12:12
74,13.49596939518423,2.341262911242975,-180.0,90.0,2020-12-11 12:12:12
75,8.389554015453774,2.3405598256403732,-180.0,90.0,2020-12-11 12:12:12
76,17.48936880482559,2.3352414379033504,-180.0,90.0,2020-12-11 12:12:12
77,13.276064522294504,2.3312169102286253,-180.0,90.0,2020-12-11 12:12:12
78,14.353892251547526,2.3269478034287876,-180.0,90.0,2020-12-11 12:12:12
79,7.916017530173554,2.30857154705905,-180.0,90.0,2020-12-11 12:12:12
80,15.538596276833825,2.308146924453406,-180.0,90.0,2020-12-11 12:12:12
81,13.774145761836126,2.3049824781091486,-180.0,90.0,2020-12-11 12:12:12
82,13.884650305127035,2.2828483871019865,-180.0,90.0,2020-12-11 12:12:12
83,7.9378288887097455,2.2826111282024515,-180.0,90.0,2020-12-11 12:12:12
84,13.250583781590537,2.270385000109292,-180.0,90.0,2020-12-11 12:12:12
85,13.09119959022389,2.2599178093886376,-180.0,90.0,2020-12-11 12:12:12
86,9.548815527149545,2.251031422789667,-180.0,90.0,2020-12-11 12:12:12
87,11.922453782023691,2.244369508669322,-180.0,90.0,2020-12-11 12:12:12
88,14.3227458739443,2.244101443628741,-180.0,90.0,2020-12-11 12:12:12
89,7.57435411146523,2.2437554780569453,-180.0,90.0,2020-12-11 12:12:12
90,11.645976836032798,2.2333329181663726,-180.0,90.0,2020-12-11 12:12:12
91,7.736316659212701,2.2228836624552386,-180.0,90.0,2020-12-11 12:12:12
92,8.056619097064745,2.2223155078942094,-180.0,90.0,2020-12-11 12:12:12
93,13.183844063733783,2.221464400682124,-180.0,90.0,2020-12-11 12:12:12
94,12.342203895160209,2.2207127840361522,-180.0,90.0,2020-12-11 12:12:12
95,6.851089458158885,2.209952081499452,-180.0,90.0,2020-12-11 12:12:12
96,11.636158169165022,2.1902299588504266,-180.0,90.0,2020-12-11 12:12:12
97,13.740370931871096,2.1779007503924106,-180.0,90.0,2020-12-11 12:12:12
98,11.915785224522805,2.1682128182393843,-180.0,90.0,2020-12-11 12:12:12
99,11.100251344074973,2.156082708943093,-180.0,90.0,2020-12-11 12:12:12
100,12.562931551434435,2.1442904645004996,-180.0,90.0,2020-12-11 12:12:12
101,13.00361889620547,2.1341223991768254,-180.0,90.0,2020-12-11 12:12:12
102,11.17600244113354,2.1269581293881417,-180.0,90.0,2020-12-11 12:12:12
103,12.547446705045905,2.1250747731490742,-180.0,90.0,2020-12-11 12:12:12
104,12.081969328621003,2.1200551173642643,-180.0,90.0,2020-12-11 12:12:12
105,10.231252858051567,2.1067847462589206,-180.0,90.0,2020-12-11 12:12:12
106,8.751757289388802,2.1066362079920347,-180.0,90.0,2020-12-11 12:12:12
107,10.736725484230597,2.1043120468114105,-180.0,90.0,2020-12-11 12:12:12
108,10.816760354547661,2.0987438778636083,-180.0,90.0,2020-12-11 12:12:12
109,9.130146540501066,2.09835869491237,-180.0,90.0,2020-12-11 12:12:12
110,6.062684541335583,2.0940840710645334,-180.0,90.0,2020-12-11 12:12:12
111,9.977041124633553,2.089567351343758,-180.0,90.0,2020-12-11 12:12:12
112,10.443281310014921,2.0891563028425493,-180.0,90.0,2020-12-11 12:12:12
113,11.694810580517759,2.0872824553370757,-180.0,90.0,2020-12-11 12:12:12
114,8.560289246315234,2.0811134111223377,-180.0,90.0,2020-12-11 12:12:12
115,9.435550624569792,2.08008804445469,-180.0,90.0,2020-12-11 12:12:12
116,9.85566229216788,2.0771138586425604,-180.0,90.0,2020-12-11 12:12:12
117,11.784721512962266,2.0749269879330745,-180.0,90.0,2020-12-11 12:12:12
118,10.027986154252586,2.074439004993394,-180.0,90.0,2020-12-11 12:12:12
119,9.614512912601045,2.07255944501431,-180.0,90.0,2020-12-11 12:12:12
120,6.268933451724688,2.0712797756395513,-180.0,90.0,2020-12-11 12:12:12
121,10.604242864327547,2.0628419422934887,-180.0,90.0,2020-12-11 12:12:12
122,11.357781269748896,2.052638267047625,-180.0,90.0,2020-12-11 12:12:12
123,9.66038589815767,2.052220906629882,-180.0,90.0,2020-12-11 12:12:12
124,6.636418318601194,2.0364277863607767,-180.0,90.0,2020-12-11 12:12:12
125,5.827810167747582,2.035449382488533,-180.0,90.0,2020-12-11 12:12:12
126,11.01941132790223,2.026978547424323,-180.0,90.0,2020-12-11 12:12:12
127,10.499740211237834,2.0201229974046666,-180.0,90.0,2020-12-11 12:12:12
128,4.934580626911032,1.9962788628732737,-180.0,90.0,2020-12-11 12:12:12
129,8.854004819504079,1.9940550693392454,-180.0,90.0,2020-12-11 12:12:12
130,8.04018333749411,1.9915490292432085,-180.0,90.0,2020-12-11 12:12:12
131,10.179536174141356,1.985503771262559,-180.0,90.0,2020-12-11 12:12:12
132,8.394329689411121,1.981150580387708,-180.0,90.0,2020-12-11 12:12:12
133,7.143656022606766,1.9800419736320816,-180.0,90.0,2020-12-11 12:12:12
134,9.612045197476073,1.966704576819024,-180.0,90.0,2020-12-11 12:12:12
135,9.978558287208866,1.966577929713341,-180.0,90.0,2020-12-11 12:12:12
136,8.73826189169038,1.956797078860825,-180.0,90.0,2020-12-11 12:12:12
137,8.198683001025378,1.9501570131241754,-180.0,90.0,2020-12-11 12:12:12
138,6.050028506581561,1.9287024312205392,-180.0,90.0,2020-12-11 12:12:12
139,8.699014307604656,1.927608727648299,-180.0,90.0,2020-12-11 12:12:12
140,7.104694900038022,1.9251598884405332,-180.0,90.0,2020-12-11 12:12:12
141,7.100276363513551,1.9158954891889,-180.0,90.0,2020-12-11 12:12:12
142,8.639215109180487,1.915118918717399,-180.0,90.0,2020-12-11 12:12:12
143,6.779609248407291,1.9137624903432355,-180.0,90.0,2020-12-11 12:12:12
144,7.808566534961267,1.913451509252186,-180.0,90.0,2020-12-11 12:12:12
145,7.6047816735633695,1.9097697072577893,-180.0,90.0,2020-12-11 12:12:12
146,8.029368444900822,1.9092377073079947,-180.0,90.0,2020-12-11 12:12:12
147,8.986277121027326,1.9082366954463792,-180.0,90.0,2020-12-11 12:12:12
148,5.9460827917353765,1.9079872922882897,-180.0,90.0,2020-12-11 12:12:12
149,7.9944166589448695,1.9073361112597595,-180.0,90.0,2020-12-11 12:12:12
150,9.039579749500696,1.8994043883759681,-180.0,90.0,2020-12-11 12:12:12
151,4.292863470388152,1.8952695466154208,-180.0,90.0,2020-12-11 12:12:12
152,7.228226306514444,1.8885577319201337,-180.0,90.0,2020-12-11 12:12:12
153,5.079059323326123,1.8834231240297157,-180.0,90.0,2020-12-11 12:12:12
154,8.232255594636978,1.8753325349476258,-180.0,90.0,2020-12-11 12:12:12
155,7.510564698647886,1.8729774873917389,-180.0,90.0,2020-12-11 12:12:12
156,4.164226699191223,1.8726615521923011,-180.0,90.0,2020-12-11 12:12:12
157,3.9946499535333957,1.8697489255484585,-180.0,90.0,2020-12-11 12:12:12
158,7.008218378248142,1.8679086803917222,-180.0,90.0,2020-12-11 12:12:12
159,3.93437438939994,1.853331999636647,-180.0,90.0,2020-12-11 12:12:12
160,6.389386127070315,1.852217640075919,-180.0,90.0,2020-12-11 12:12:12
161,6.834192684158524,1.8467345897718717,-180.0,90.0,2020-12-11 12:12:12
162,4.140898445540414,1.8346923455063544,-180.0,90.0,2020-12-11 12:12:12
163,6.204364791580901,1.8331425545211883,-180.0,90.0,2020-12-11 12:12:12
164,6.40149055108043,1.8247640227043993,-180.0,90.0,2020-12-11 12:12:12
165,6.117985234872103,1.8217295351467777,-180.0,90.0,2020-12-11 12:12:12
166,6.869755613852505,1.8111598948833814,-180.0,90.0,2020-12-11 12:12:12
167,5.943567805194802,1.8080941434795343,-180.0,90.0,2020-12-11 12:12:12
168,4.373965877138381,1.8064499214659278,-180.0,90.0,2020-12-11 12:12:12
169,5.934136113299023,1.8063907545057238,-180.0,90.0,2020-12-11 12:12:12
170,5.666302061808682,1.8049103295828612,-180.0,90.0,2020-12-11 12:12:12
171,3.8374965340323883,1.8029684279016651,-180.0,90.0,2020-12-11 12:12:12
172,6.582077938152873,1.7996762479168964,-180.0,90.0,2020-12-11 12:12:12
173,5.9747662128451555,1.7974299113541863,-180.0,90.0,2020-12-11 12:12:12
174,5.612096815948703,1.7970641130651706,-180.0,90.0,2020-12-11 12:12:12
175,6.810745576958889,1.7944078508372638,-180.0,90.0,2020-12-11 12:12:12
176,5.8377446436410665,1.7943241298244383,-180.0,90.0,2020-12-11 12:12:12
177,6.189229193066108,1.7902481651013527,-180.0,90.0,2020-12-11 12:12:12
178,7.121772539557824,1.7842496982044624,-180.0,90.0,2020-12-11 12:12:12
179,3.5727508724673123,1.7808613860244198,-180.0,90.0,2020-12-11 12:12:12
180,6.46934458217075,1.7801995922748133,-180.0,90.0,2020-12-11 12:12:12
181,6.949642983814435,1.777741941700279,-180.0,90.0,2020-12-11 12:12:12
182,5.190532540893243,1.7767143504567169,-180.0,90.0,2020-12-11 12:12:12
183,5.657737848028456,1.775138867738158,-180.0,90.0,2020-12-11 12:12:12
184,3.4477705470739113,1.7718396024052239,-180.0,90.0,2020-12-11 12:12:12
185,6.325618327888132,1.7513458278910299,-180.0,90.0,2020-12-11 12:12:12
186,5.228281778459206,1.7506344172826844,-180.0,90.0,2020-12-11 12:12:12
187,6.899398671950301,1.7497438824940714,-180.0,90.0,2020-12-11 12:12:12
188,5.768611441038454,1.7467389573453798,-180.0,90.0,2020-12-11 12:12:12
189,3.157467920782707,1.7391557976002963,-180.0,90.0,2020-12-11 12:12:12
190,3.6284230089744796,1.738946595537863,-180.0,90.0,2020-12-11 12:12:12
191,3.3334420188661156,1.7308693788027087,-180.0,90.0,2020-12-11 12:12:12
192,6.626636437965769,1.7269451900488053,-180.0,90.0,2020-12-11 12:12:12
193,4.905136783664998,1.7222241321605567,-180.0,90.0,2020-12-11 12:12:12
194,4.233421665315371,1.7198062261606253,-180.0,90.0,2020-12-11 12:12:12
195,2.9841609181544713,1.7083264093213637,-180.0,90.0,2020-12-11 12:12:12
196,5.701923672923518,1.7065299408984003,-180.0,90.0,2020-12-11 12:12:12
197,5.1400777828788256,1.7051896674203335,-180.0,90.0,2020-12-11 12:12:12
198,5.429308797309561,1.7048463161927943,-180.0,90.0,2020-12-11 12:12:12
199,3.390143120563093,1.6954136834469609,-180.0,90.0,2020-12-11 12:12:12
200,4.312633617743107,1.6878256202331385,-180.0,90.0,2020-12-11 12:12:12
201,4.856460962728077,1.6872982742930849,-180.0,90.0,2020-12-11 12:12:12
202,4.72079410406768,1.686680936008585,-180.0,90.0,2020-12-11 12:12:12
203,5.155211051250234,1.6861411763422163,-180.0,90.0,2020-12-11 12:12:12
204,5.376593831701934,1.6851378773905086,-180.0,90.0,2020-12-11 12:12:12
205,2.9841082402635224,1.684399751404044,-180.0,90.0,2020-12-11 12:12:12
206,5.253195392189488,1.6704160147232026,-180.0,90.0,2020-12-11 12:12:12
207,4.782196109231629,1.6689051727654811,-180.0,90.0,2020-12-11 12:12:12
208,4.559155583756586,1.6670640216637655,-180.0,90.0,2020-12-11 12:12:12
209,4.534095795344684,1.6639159339776581,-180.0,90.0,2020-12-11 12:12:12
210,4.654278880317256,1.6518652278126735,-180.0,90.0,2020-12-11 12:12:12
211,4.367301778232992,1.6416483893519538,-180.0,90.0,2020-12-11 12:12:12
212,3.789229648718419,1.633456220899195,-180.0,90.0,2020-12-11 12:12:12
213,3.081078398115577,1.6305790930163573,-180.0,90.0,2020-12-11 12:12:12
214,4.688563288797213,1.6296682086374066,-180.0,90.0,2020-12-11 12:12:12
215,5.285136030954875,1.6282959465265447,-180.0,90.0,2020-12-11 12:12:12
216,4.744575960121832,1.6192874724353925,-180.0,90.0,2020-12-11 12:12:12
217,5.351594022860271,1.617153015517305,-180.0,90.0,2020-12-11 12:12:12
218,2.9378469819374917,1.614292256200007,-180.0,90.0,2020-12-11 12:12:12
219,4.567957430060118,1.610708841520938,-180.0,90.0,2020-12-11 12:12:12
220,5.061443481157388,1.6048983570004343,-180.0,90.0,2020-12-11 12:12:12
221,5.04570535967796,1.6029223022533992,-180.0,90.0,2020-12-11 12:12:12
222,3.911335918200118,1.6016209506352184,-180.0,90.0,2020-12-11 12:12:12
223,4.130369141491148,1.5934397795870936,-180.0,90.0,2020-12-11 12:12:12
224,4.17964122121633,1.5931415763042176,-180.0,90.0,2020-12-11 12:12:12
225,2.8281672581310056,1.5916923570191457,-180.0,90.0,2020-12-11 12:12:12
226,4.178697425078672,1.5876436213101996,-180.0,90.0,2020-12-11 12:12:12
227,4.2484258437500095,1.5874438216575988,-180.0,90.0,2020-12-11 12:12:12
228,3.883257934808056,1.5847946575468852,-180.0,90.0,2020-12-11 12:12:12
229,4.894448683027971,1.5789855320959023,-180.0,90.0,2020-12-11 12:12:12
230,3.7925488999318357,1.5788836393486025,-180.0,90.0,2020-12-11 12:12:12
231,2.6839844337581353,1.5773046158469457,-180.0,90.0,2020-12-11 12:12:12
232,3.7947610719498743,1.5765204221812432,-180.0,90.0,2020-12-11 12:12:12
233,3.687711025562936,1.5659544570104131,-180.0,90.0,2020-12-11 12:12:12
234,3.459940957843618,1.5657592104760079,-180.0,90.0,2020-12-11 12:12:12
235,3.8161720238198176,1.5655046665293846,-180.0,90.0,2020-12-11 12:12:12
236,2.4033782199950697,1.5633166109365237,-180.0,90.0,2020-12-11 12:12:12
237,3.6487246529756976,1.562868052855557,-180.0,90.0,2020-12-11 12:12:12
238,3.7669591416254553,1.5625912942804823,-180.0,90.0,2020-12-11 12:12:12
239,3.2459111094847346,1.5521696147610422,-180.0,90.0,2020-12-11 12:12:12
240,3.9961473401659533,1.5511776890065512,-180.0,90.0,2020-12-11 12:12:12
241,2.3992883749744243,1.5482796336297024,-180.0,90.0,2020-12-11 12:12:12
242,2.3761300102742466,1.5477595805575364,-180.0,90.0,2020-12-11 12:12:12
243,4.4392858671142745,1.5440761654015338,-180.0,90.0,2020-12-11 12:12:12
244,3.471746890405378,1.5431605896749196,-180.0,90.0,2020-12-11 12:12:12
245,3.4988179135083057,1.5382409560012065,-180.0,90.0,2020-12-11 12:12:12
246,4.438008874522651,1.5370975625243706,-180.0,90.0,2020-12-11 12:12:12
247,3.2972677524823357,1.5369482379157928,-180.0,90.0,2020-12-11 12:12:12
248,2.205427899923592,1.5367214089130732,-180.0,90.0,2020-12-11 12:12:12
249,2.1035882461440827,1.535716815192211,-180.0,90.0,2020-12-11 12:12:12
250,2.411473146381078,1.5350475442394504,-180.0,90.0,2020-12-11 12:12:12
251,3.503668539436852,1.5347679759607413,-180.0,90.0,2020-12-11 12:12:12
252,4.202037063449512,1.5337650907238192,-180.0,90.0,2020-12-11 12:12:12
253,2.293607870007548,1.5312597394829162,-180.0,90.0,2020-12-11 12:12:12
254,2.141247895210022,1.5295725178688,-180.0,90.0,2020-12-11 12:12:12
255,4.180770819140304,1.5291168477433092,-180.0,90.0,2020-12-11 12:12:12
256,2.6789250344879663,1.5213926077963558,-180.0,90.0,2020-12-11 12:12:12
257,2.7416717430794533,1.5197078107385316,-180.0,90.0,2020-12-11 12:12:12
258,2.0137602197759588,1.5176796073812144,-180.0,90.0,2020-12-11 12:12:12
259,4.185290643064093,1.517398363480308,-180.0,90.0,2020-12-11 12:12:12
260,4.153191385380915,1.510777191791911,-180.0,90.0,2020-12-11 12:12:12
261,3.195249279366535,1.510380547495747,-180.0,90.0,2020-12-11 12:12:12
262,1.9783279576572448,1.5091542435035992,-180.0,90.0,2020-12-11 12:12:12
263,2.319723582154548,1.5077754792890572,-180.0,90.0,2020-12-11 12:12:12
264,3.755467294449795,1.506204289708683,-180.0,90.0,2020-12-11 12:12:12
265,3.195225502728557,1.5021735071207718,-180.0,90.0,2020-12-11 12:12:12
266,3.1421241225554155,1.5015963258883194,-180.0,90.0,2020-12-11 12:12:12
267,3.432865772163825,1.5001891201895026,-180.0,90.0,2020-12-11 12:12:12
268,3.2079299631690765,1.4977706073957486,-180.0,90.0,2020-12-11 12:12:12
269,3.24828025578585,1.4898806614067608,-180.0,90.0,2020-12-11 12:12:12
270,1.9051205186542697,1.4826659484451266,-180.0,90.0,2020-12-11 12:12:12
271,3.1042705152785066,1.4804994984814952,-180.0,90.0,2020-12-11 12:12:12
272,3.0223056875714738,1.4792410781370862,-180.0,90.0,2020-12-11 12:12:12
273,3.096118001221823,1.4758466397944265,-180.0,90.0,2020-12-11 12:12:12
274,1.846314005283794,1.473224774128161,-180.0,90.0,2020-12-11 12:12:12
275,3.044010221515206,1.4714857441882248,-180.0,90.0,2020-12-11 12:12:12
276,3.2458795381619594,1.4653252245139814,-180.0,90.0,2020-12-11 12:12:12
277,3.2782782312185565,1.4631743693505794,-180.0,90.0,2020-12-11 12:12:12
278,3.7115797155188233,1.4615690744043275,-180.0,90.0,2020-12-11 12:12:12
279,2.0921098293948903,1.4587694217728242,-180.0,90.0,2020-12-11 12:12:12
280,2.549552188507662,1.452215870470278,-180.0,90.0,2020-12-11 12:12:12
281,2.46362367230418,1.4476634098598955,-180.0,90.0,2020-12-11 12:12:12
282,2.7954159072341573,1.446348242508484,-180.0,90.0,2020-12-11 12:12:12
283,2.847225973323593,1.44432133419155,-180.0,90.0,2020-12-11 12:12:12
284,3.3203837208854194,1.4435868392813063,-180.0,90.0,2020-12-11 12:12:12
285,3.4017731447969033,1.4423999125002338,-180.0,90.0,2020-12-11 12:12:12
286,3.423960889077682,1.4416187030257048,-180.0,90.0,2020-12-11 12:12:12
287,2.699847339046004,1.4399743731462664,-180.0,90.0,2020-12-11 12:12:12
288,2.7007028565084465,1.4397721116986542,-180.0,90.0,2020-12-11 12:12:12
289,2.406016136240301,1.439150055288554,-180.0,90.0,2020-12-11 12:12:12
290,2.9545725369586386,1.437123770697427,-180.0,90.0,2020-12-11 12:12:12
291,2.461526794143699,1.4314964141110536,-180.0,90.0,2020-12-11 12:12:12
292,1.8370313784197883,1.425517156558441,-180.0,90.0,2020-12-11 12:12:12
293,3.139457501009298,1.4238575909384774,-180.0,90.0,2020-12-11 12:12:12
294,3.28749623646128,1.4146082608183952,-180.0,90.0,2020-12-11 12:12:12
295,3.303581448298561,1.4142714076295906,-180.0,90.0,2020-12-11 12:12:12
296,2.771167878157338,1.4140561782728387,-180.0,90.0,2020-12-11 12:12:12
297,1.594057949157994,1.4132149703575976,-180.0,90.0,2020-12-11 12:12:12
298,3.260947568636255,1.410321232910232,-180.0,90.0,2020-12-11 12:12:12
299,2.558026274927259,1.4061165163492981,-180.0,90.0,2020-12-11 12:12:12
300,1.9038400390440195,1.4059089881383324,-180.0,90.0,2020-12-11 12:12:12
301,2.6062934342988657,1.405680484042646,-180.0,90.0,2020-12-11 12:12:12
302,2.903970719327342,1.405440085931734,-180.0,90.0,2020-12-11 12:12:12
303,2.669214665892234,1.400022606157804,-180.0,90.0,2020-12-11 12:12:12
304,2.2816821983288755,1.399775470594034,-180.0,90.0,2020-12-11 12:12:12
305,2.835493755185411,1.3971402112190359,-180.0,90.0,2020-12-11 12:12:12
306,3.1598280087603423,1.3958653497112987,-180.0,90.0,2020-12-11 12:12:12
307,2.4527606038197196,1.3953489825954914,-180.0,90.0,2020-12-11 12:12:12
308,1.6980154686499858,1.3934078637258673,-180.0,90.0,2020-12-11 12:12:12
309,3.110090164389494,1.3912663230726854,-180.0,90.0,2020-12-11 12:12:12
310,2.0929520382482023,1.3870229324995267,-180.0,90.0,2020-12-11 12:12:12
311,2.423158683046185,1.38591528238042,-180.0,90.0,2020-12-11 12:12:12
312,2.289794593942139,1.3848052350544917,-180.0,90.0,2020-12-11 12:12:12
313,2.389971232046397,1.3838751345944422,-180.0,90.0,2020-12-11 12:12:12
314,2.811340358443997,1.3819831178522803,-180.0,90.0,2020-12-11 12:12:12
315,1.496701710758971,1.37618689626521,-180.0,90.0,2020-12-11 12:12:12
316,1.722445432718371,1.375577913068126,-180.0,90.0,2020-12-11 12:12:12
317,2.5290612240132684,1.3751189020217938,-180.0,90.0,2020-12-11 12:12:12
318,1.5776384437404603,1.3743807013631146,-180.0,90.0,2020-12-11 12:12:12
319,2.0142099119707075,1.3725235008113656,-180.0,90.0,2020-12-11 12:12:12
320,2.1987248789691343,1.3721929543627969,-180.0,90.0,2020-12-11 12:12:12
321,2.0120628675375305,1.3721369967297716,-180.0,90.0,2020-12-11 12:12:12
322,1.9900110371052517,1.371237465392779,-180.0,90.0,2020-12-11 12:12:12
323,2.9104460324376684,1.3673598871613115,-180.0,90.0,2020-12-11 12:12:12
324,2.2880419904187144,1.3654300712929495,-180.0,90.0,2020-12-11 12:12:12
325,2.9860091747938284,1.3653810623828397,-180.0,90.0,2020-12-11 12:12:12
326,2.4105113258419144,1.364353018967662,-180.0,90.0,2020-12-11 12:12:12
327,1.9266526438980092,1.3630201551045653,-180.0,90.0,2020-12-11 12:12:12
328,1.5922602300156847,1.361202287496114,-180.0,90.0,2020-12-11 12:12:12
329,1.9075549789126076,1.3587384976461092,-180.0,90.0,2020-12-11 12:12:12
330,2.036928035940668,1.3577904973705404,-180.0,90.0,2020-12-11 12:12:12
331,1.7753490644361118,1.3570156852601203,-180.0,90.0,2020-12-11 12:12:12
332,2.2526228898808753,1.3498193291467295,-180.0,90.0,2020-12-11 12:12:12
333,1.6039684404820913,1.3486213955567004,-180.0,90.0,2020-12-11 12:12:12
334,1.9160755985736018,1.3437179578854546,-180.0,90.0,2020-12-11 12:12:12
335,1.760935857363108,1.3425388689689457,-180.0,90.0,2020-12-11 12:12:12
336,1.3792216772573136,1.3410801152523502,-180.0,90.0,2020-12-11 12:12:12
337,2.124952179121254,1.3325358685031727,-180.0,90.0,2020-12-11 12:12:12
338,1.933782433122084,1.3324777847234557,-180.0,90.0,2020-12-11 12:12:12
339,1.8131088991970477,1.3322820449322232,-180.0,90.0,2020-12-11 12:12:12
340,1.7661105892618794,1.3274548093263479,-180.0,90.0,2020-12-11 12:12:12
341,1.985191665841513,1.3237643256953666,-180.0,90.0,2020-12-11 12:12:12
342,1.9855197437505177,1.323092622056814,-180.0,90.0,2020-12-11 12:12:12
343,2.31385256769958,1.3222946107531781,-180.0,90.0,2020-12-11 12:12:12
344,2.460122830110692,1.3218653067590724,-180.0,90.0,2020-12-11 12:12:12
345,2.3829824599342038,1.3213649510376602,-180.0,90.0,2020-12-11 12:12:12
346,2.177559874859426,1.3181344739800276,-180.0,90.0,2020-12-11 12:12:12
347,1.9614873464066918,1.3173934738610449,-180.0,90.0,2020-12-11 12:12:12
348,1.9006938286764679,1.3172943344813581,-180.0,90.0,2020-12-11 12:12:12
349,2.170703155790592,1.3162409851594534,-180.0,90.0,2020-12-11 12:12:12
350,1.95943922922818,1.3158468112593158,-180.0,90.0,2020-12-11 12:12:12
351,1.6226490550622865,1.313494828008253,-180.0,90.0,2020-12-11 12:12:12
352,1.8689940391097115,1.3121338488616983,-180.0,90.0,2020-12-11 12:12:12
353,2.5521325509952493,1.3046244813657801,-180.0,90.0,2020-12-11 12:12:12
354,2.2521864587310416,1.3031888044840116,-180.0,90.0,2020-12-11 12:12:12
355,1.8448818855505198,1.301203588964095,-180.0,90.0,2020-12-11 12:12:12
356,1.2449812389635802,1.2999202051448522,-180.0,90.0,2020-12-11 12:12:12
357,2.5063454080111804,1.2994154575919195,-180.0,90.0,2020-12-11 12:12:12
358,2.2610702380759773,1.2955426053204675,-180.0,90.0,2020-12-11 12:12:12
359,2.1103262827932663,1.294100578759288,-180.0,90.0,2020-12-11 12:12:12
360,2.3230768650107736,1.2926834943650771,-180.0,90.0,2020-12-11 12:12:12
361,1.9038424656010726,1.2926520880852261,-180.0,90.0,2020-12-11 12:12:12
362,1.544150778089261,1.2920177645467161,-180.0,90.0,2020-12-11 12:12:12
363,1.9225077086114415,1.2909191587692859,-180.0,90.0,2020-12-11 12:12:12
364,2.1350578354526815,1.2907263328202578,-180.0,90.0,2020-12-11 12:12:12
365,1.8017156302715744,1.28958248246987,-180.0,90.0,2020-12-11 12:12:12
366,1.4733450363087206,1.2851304148026492,-180.0,90.0,2020-12-11 12:12:12
367,1.3297163745201739,1.2849805717316238,-180.0,90.0,2020-12-11 12:12:12
368,1.4314054990651346,1.2825792186358986,-180.0,90.0,2020-12-11 12:12:12
369,1.91881451778496,1.2823995711712703,-180.0,90.0,2020-12-11 12:12:12
370,1.3097976610332611,1.2805338558911696,-180.0,90.0,2020-12-11 12:12:12
371,1.165615736523601,1.2800768519567227,-180.0,90.0,2020-12-11 12:12:12
372,1.9583478367968261,1.2796048032839988,-180.0,90.0,2020-12-11 12:12:12
373,1.1847209986194425,1.2795852997228618,-180.0,90.0,2020-12-11 12:12:12
374,1.146942269032287,1.2762589808905713,-180.0,90.0,2020-12-11 12:12:12
375,1.3964804161147728,1.2760607993425852,-180.0,90.0,2020-12-11 12:12:12
376,2.2709825671872954,1.2747288982419072,-180.0,90.0,2020-12-11 12:12:12
377,1.742117877811849,1.2743739306132134,-180.0,90.0,2020-12-11 12:12:12
378,1.8347245289409855,1.271538666314669,-180.0,90.0,2020-12-11 12:12:12
379,2.1474299287048795,1.2711448368880742,-180.0,90.0,2020-12-11 12:12:12
380,1.3713823392378792,1.2660851861915512,-180.0,90.0,2020-12-11 12:12:12
381,1.6596791461039386,1.261782587230968,-180.0,90.0,2020-12-11 12:12:12
382,1.6502267986032912,1.2602699765534213,-180.0,90.0,2020-12-11 12:12:12
383,1.6679755677927526,1.2588290830768465,-180.0,90.0,2020-12-11 12:12:12
384,1.1386768463367243,1.2585007985931567,-180.0,90.0,2020-12-11 12:12:12
385,1.629329404459446,1.2572450173335283,-180.0,90.0,2020-12-11 12:12:12
386,1.5767874091427576,1.2558524047864705,-180.0,90.0,2020-12-11 12:12:12
387,1.6718750742493584,1.2557198852418703,-180.0,90.0,2020-12-11 12:12:12
388,1.3792185269609591,1.2547039312140233,-180.0,90.0,2020-12-11 12:12:12
389,1.5381273449506017,1.2542388533050384,-180.0,90.0,2020-12-11 12:12:12
390,1.0828197740860774,1.2523156995430107,-180.0,90.0,2020-12-11 12:12:12
391,1.1171796788488737,1.2513185329051715,-180.0,90.0,2020-12-11 12:12:12
392,1.4301842419838777,1.250420753776406,-180.0,90.0,2020-12-11 12:12:12
393,2.005807965678789,1.2476495784701276,-180.0,90.0,2020-12-11 12:12:12
394,2.1189249702610122,1.247190313653448,-180.0,90.0,2020-12-11 12:12:12
395,1.7849299024857268,1.247055577280788,-180.0,90.0,2020-12-11 12:12:12
396,1.7068182653256427,1.2467673231211784,-180.0,90.0,2020-12-11 12:12:12
397,1.1301472330004165,1.246254063715738,-180.0,90.0,2020-12-11 12:12:12
398,2.0729831274382367,1.245440774840915,-180.0,90.0,2020-12-11 12:12:12
399,1.616614297364088,1.2453766347964796,-180.0,90.0,2020-12-11 12:12:12
400,1.57665364540148,1.242751637187891,-180.0,90.0,2020-12-11 12:12:12
401,1.6085790926268266,1.2417943090520327,-180.0,90.0,2020-12-11 12:12:12
402,1.320983904116596,1.2406037901086955,-180.0,90.0,2020-12-11 12:12:12
403,1.3074988777526488,1.24038150969405,-180.0,90.0,2020-12-11 12:12:12
404,1.5503078930807663,1.2397020800609333,-180.0,90.0,2020-12-11 12:12:12
405,1.0498153228846685,1.2393203425066457,-180.0,90.0,2020-12-11 12:12:12
406,1.6597002968242915,1.2389385257520655,-180.0,90.0,2020-12-11 12:12:12
407,1.5892501339051948,1.2388457939420752,-180.0,90.0,2020-12-11 12:12:12
408,1.6387931761715824,1.2384793909919019,-180.0,90.0,2020-12-11 12:12:12
409,1.7463887675311422,1.2371152587784926,-180.0,90.0,2020-12-11 12:12:12
410,1.7887809296430004,1.2348155298372796,-180.0,90.0,2020-12-11 12:12:12
411,1.5263180164420966,1.2342893972990883,-180.0,90.0,2020-12-11 12:12:12
412,1.7196284212562922,1.2335076179834614,-180.0,90.0,2020-12-11 12:12:12
413,1.2005814068756373,1.2331153123080156,-180.0,90.0,2020-12-11 12:12:12
414,2.0457402323961174,1.232345673008186,-180.0,90.0,2020-12-11 12:12:12
415,1.6852373456135232,1.2323056967182555,-180.0,90.0,2020-12-11 12:12:12
416,1.3584845699704022,1.2314450047961074,-180.0,90.0,2020-12-11 12:12:12
417,1.2843066136670769,1.22995887457442,-180.0,90.0,2020-12-11 12:12:12
418,1.2435821881288138,1.2287969082248191,-180.0,90.0,2020-12-11 12:12:12
419,1.298005877237814,1.2282093529964953,-180.0,90.0,2020-12-11 12:12:12
420,1.0689126004356877,1.2280581949477192,-180.0,90.0,2020-12-11 12:12:12
421,1.073766441239807,1.2276067009324547,-180.0,90.0,2020-12-11 12:12:12
422,1.0177238192142979,1.2234506277040615,-180.0,90.0,2020-12-11 12:12:12
423,1.135918309672783,1.2232588619893412,-180.0,90.0,2020-12-11 12:12:12
424,1.4476076526399555,1.2185028141944365,-180.0,90.0,2020-12-11 12:12:12
425,1.282379102296327,1.2183457331689413,-180.0,90.0,2020-12-11 12:12:12
426,1.2172026379890835,1.216951777867881,-180.0,90.0,2020-12-11 12:12:12
427,1.4298377345600108,1.2146751238242661,-180.0,90.0,2020-12-11 12:12:12
428,1.381853604744226,1.2131081445641467,-180.0,90.0,2020-12-11 12:12:12
429,1.2934730290433458,1.212969913862568,-180.0,90.0,2020-12-11 12:12:12
430,1.3871117025450859,1.2124162321410301,-180.0,90.0,2020-12-11 12:12:12
431,1.2066616204631198,1.2120981890968259,-180.0,90.0,2020-12-11 12:12:12
432,1.7280843327329027,1.2119037756416675,-180.0,90.0,2020-12-11 12:12:12
433,1.8732991736659255,1.211823445975272,-180.0,90.0,2020-12-11 12:12:12
434,1.4236471030292672,1.211014877509236,-180.0,90.0,2020-12-11 12:12:12
435,1.2727257047778777,1.2107637506898385,-180.0,90.0,2020-12-11 12:12:12
436,1.1749212868521406,1.210752806772075,-180.0,90.0,2020-12-11 12:12:12
437,1.7733828616332827,1.2098747133227503,-180.0,90.0,2020-12-11 12:12:12
438,1.4440947630450047,1.2082463258206861,-180.0,90.0,2020-12-11 12:12:12
439,1.5598120696657096,1.207105468218767,-180.0,90.0,2020-12-11 12:12:12
440,1.3253378359392392,1.2068394040182402,-180.0,90.0,2020-12-11 12:12:12
441,1.0016213977992807,1.2051577188421474,-180.0,90.0,2020-12-11 12:12:12
442,1.0188082335523756,1.2044704997650135,-180.0,90.0,2020-12-11 12:12:12
443,1.6158307276170514,1.2040717021116643,-180.0,90.0,2020-12-11 12:12:12
444,1.8184863622515197,1.2029909859375405,-180.0,90.0,2020-12-11 12:12:12
445,1.0234998904215828,1.202906605122382,-180.0,90.0,2020-12-11 12:12:12
446,1.0091728198249146,1.2027485098682282,-180.0,90.0,2020-12-11 12:12:12
447,1.3485181904713912,1.1964597846422096,-180.0,90.0,2020-12-11 12:12:12
448,1.7855148291836789,1.1959067444956888,-180.0,90.0,2020-12-11 12:12:12
449,1.117542033460783,1.195340586268399,-180.0,90.0,2020-12-11 12:12:12
450,1.4995665017741446,1.1933524588678865,-180.0,90.0,2020-12-11 12:12:12
451,1.0926545568100776,1.192928055086088,-180.0,90.0,2020-12-11 12:12:12
452,1.7709888850190731,1.1906260117437921,-180.0,90.0,2020-12-11 12:12:12
453,1.0019574765905916,1.190353375901802,-180.0,90.0,2020-12-11 12:12:12
454,1.679073974792733,1.1893987205555618,-180.0,90.0,2020-12-11 12:12:12
455,1.020719004357996,1.1886314046999735,-180.0,90.0,2020-12-11 12:12:12
456,1.3675044763420015,1.1881554609604588,-180.0,90.0,2020-12-11 12:12:12
457,1.5204420666386933,1.1880710722646257,-180.0,90.0,2020-12-11 12:12:12
458,1.0023105702223634,1.1872423946414723,-180.0,90.0,2020-12-11 12:12:12
459,1.002526664518553,1.1869310613702,-180.0,90.0,2020-12-11 12:12:12
460,1.0005024848149129,1.1868672976668877,-180.0,90.0,2020-12-11 12:12:12
461,1.0007271178544992,1.1854366785640535,-180.0,90.0,2020-12-11 12:12:12
462,1.0156231364726136,1.1828815317430026,-180.0,90.0,2020-12-11 12:12:12
463,1.288283548995116,1.1811184451965897,-180.0,90.0,2020-12-11 12:12:12
464,1.0888757149183415,1.1803504352221672,-180.0,90.0,2020-12-11 12:12:12
465,1.0210791988424137,1.1800016822341752,-180.0,90.0,2020-12-11 12:12:12
466,1.4276494619088904,1.1795937841066366,-180.0,90.0,2020-12-11 12:12:12
467,1.5999483666218353,1.1788088018197374,-180.0,90.0,2020-12-11 12:12:12
468,1.1746001466726879,1.1768500968300786,-180.0,90.0,2020-12-11 12:12:12
469,1.0507758255577646,1.1749697383433386,-180.0,90.0,2020-12-11 12:12:12
470,1.361253245932107,1.1745832633388626,-180.0,90.0,2020-12-11 12:12:12
471,1.2630176870359076,1.1745607370019389,-180.0,90.0,2020-12-11 12:12:12
472,1.0599610453871917,1.172735528505411,-180.0,90.0,2020-12-11 12:12:12
473,1.3674562769490748,1.1696228843077106,-180.0,90.0,2020-12-11 12:12:12
474,1.0052129100747693,1.168264941733626,-180.0,90.0,2020-12-11 12:12:12
475,1.641937447744683,1.167626974033546,-180.0,90.0,2020-12-11 12:12:12
476,1.0346860230476702,1.1673719834184242,-180.0,90.0,2020-12-11 12:12:12
477,1.575767526389599,1.1665718078502672,-180.0,90.0,2020-12-11 12:12:12
478,1.1219057719062049,1.1657556121376589,-180.0,90.0,2020-12-11 12:12:12
479,1.4184764884635337,1.1649147417640975,-180.0,90.0,2020-12-11 12:12:12
480,1.068210339950508,1.1638249851875817,-180.0,90.0,2020-12-11 12:12:12
481,1.1161581100568236,1.1627846527228733,-180.0,90.0,2020-12-11 12:12:12
482,1.1956773301577994,1.161462443503879,-180.0,90.0,2020-12-11 12:12:12
483,1.1894987862048734,1.1611727255126492,-180.0,90.0,2020-12-11 12:12:12
484,1.2667189889426613,1.159427340300312,-180.0,90.0,2020-12-11 12:12:12
485,1.5745121956137638,1.1587563984782383,-180.0,90.0,2020-12-11 12:12:12
486,1.0736034962905583,1.158489215053903,-180.0,90.0,2020-12-11 12:12:12
487,1.0384680413273633,1.1559937613197357,-180.0,90.0,2020-12-11 12:12:12
488,1.0003553418503746,1.155772616063625,-180.0,90.0,2020-12-11 12:12:12
489,1.5269055294097118,1.1555267585878068,-180.0,90.0,2020-12-11 12:12:12
490,1.1640641996494452,1.154776338442486,-180.0,90.0,2020-12-11 12:12:12
491,1.5457828221571688,1.1542825479793224,-180.0,90.0,2020-12-11 12:12:12
492,1.1107314945257114,1.154180406228131,-180.0,90.0,2020-12-11 12:12:12
493,1.255456817266977,1.1541190095328322,-180.0,90.0,2020-12-11 12:12:12
494,1.0133521565739128,1.1532190379830412,-180.0,90.0,2020-12-11 12:12:12
495,1.3890917942208272,1.1523330994413827,-180.0,90.0,2020-12-11 12:12:12
496,1.0263970388259132,1.1477071601490372,-180.0,90.0,2020-12-11 12:12:12
497,1.546598988200328,1.1470183553176987,-180.0,90.0,2020-12-11 12:12:12
498,1.0881039186849002,1.14690335070447,-180.0,90.0,2020-12-11 12:12:12
499,1.446741774410038,1.1468742707619641,-180.0,90.0,2020-12-11 12:12:12
500,1.5489076498724204,1.146538264954706,-180.0,90.0,2020-12-11 12:12:12
501,1.1463859699999748,1.1464235536702512,-180.0,90.0,2020-12-11 12:12:12
502,1.163680402109703,1.1461099155021603,-180.0,90.0,2020-12-11 12:12:12
503,1.0049005814814203,1.1458181081854855,-180.0,90.0,2020-12-11 12:12:12
504,1.3604923569287004,1.1424096157287316,-180.0,90.0,2020-12-11 12:12:12
505,1.0487032096717204,1.1423365997437234,-180.0,90.0,2020-12-11 12:12:12
506,1.1891274568992776,1.1417737765050948,-180.0,90.0,2020-12-11 12:12:12
507,1.1140153035017435,1.1414852788009262,-180.0,90.0,2020-12-11 12:12:12
508,1.3203606789836375,1.141446086207618,-180.0,90.0,2020-12-11 12:12:12
509,1.0950530705222876,1.1395672512652044,-180.0,90.0,2020-12-11 12:12:12
510,1.0284044649691277,1.1381281073315792,-180.0,90.0,2020-12-11 12:12:12
511,1.3380864976105762,1.1377808569160588,-180.0,90.0,2020-12-11 12:12:12
512,1.0972746708676693,1.13669449416394,-180.0,90.0,2020-12-11 12:12:12
513,1.0222127308045947,1.136449260654767,-180.0,90.0,2020-12-11 12:12:12
514,1.0570074909091967,1.135647748163406,-180.0,90.0,2020-12-11 12:12:12
515,1.0038112394231802,1.1342646200793023,-180.0,90.0,2020-12-11 12:12:12
516,1.0318557410410043,1.1337141701868698,-180.0,90.0,2020-12-11 12:12:12
517,1.1105622784451823,1.1333626557422363,-180.0,90.0,2020-12-11 12:12:12
518,1.0712089775460378,1.1332651472396635,-180.0,90.0,2020-12-11 12:12:12
519,1.2919130451532872,1.1325459226711347,-180.0,90.0,2020-12-11 12:12:12
520,1.0120953594378357,1.1317357023016932,-180.0,90.0,2020-12-11 12:12:12
521,1.0280509111960472,1.1309674284531608,-180.0,90.0,2020-12-11 12:12:12
522,1.0009807803930717,1.1297173251149157,-180.0,90.0,2020-12-11 12:12:12
523,1.14379071352773,1.1290277579657835,-180.0,90.0,2020-12-11 12:12:12
524,1.053782673851948,1.1289370037327677,-180.0,90.0,2020-12-11 12:12:12
525,1.0320362078969878,1.128931428487144,-180.0,90.0,2020-12-11 12:12:12
526,1.0440873329181213,1.128485562087365,-180.0,90.0,2020-12-11 12:12:12
527,1.0291789263814235,1.1282435227232372,-180.0,90.0,2020-12-11 12:12:12
528,1.0155961708077923,1.127279746048238,-180.0,90.0,2020-12-11 12:12:12
529,1.0232966435735857,1.127028972153907,-180.0,90.0,2020-12-11 12:12:12
530,1.1749027524426414,1.1263974679015847,-180.0,90.0,2020-12-11 12:12:12
531,1.0790054532766913,1.1263331246243036,-180.0,90.0,2020-12-11 12:12:12
532,1.2302567040422536,1.1263217034021482,-180.0,90.0,2020-12-11 12:12:12
533,1.1024795758888748,1.126016099216873,-180.0,90.0,2020-12-11 12:12:12
534,1.1032620795767352,1.1248478700320608,-180.0,90.0,2020-12-11 12:12:12
535,1.0574103022953771,1.1245540372457359,-180.0,90.0,2020-12-11 12:12:12
536,1.1587970310961722,1.1244905869355544,-180.0,90.0,2020-12-11 12:12:12
537,1.4415386994910817,1.1237026177619864,-180.0,90.0,2020-12-11 12:12:12
538,1.411614205531629,1.1216602225679548,-180.0,90.0,2020-12-11 12:12:12
539,1.0364547481527517,1.120266208090197,-180.0,90.0,2020-12-11 12:12:12
540,1.1021985825095397,1.1201058755858853,-180.0,90.0,2020-12-11 12:12:12
541,1.2874302422272288,1.1200070203328285,-180.0,90.0,2020-12-11 12:12:12
542,1.164172975085256,1.1191310898747175,-180.0,90.0,2020-12-11 12:12:12
543,1.401725908828561,1.1188305421353895,-180.0,90.0,2020-12-11 12:12:12
544,1.1848912626548047,1.118757969205423,-180.0,90.0,2020-12-11 12:12:12
545,1.0570652359732582,1.11860271976333,-180.0,90.0,2020-12-11 12:12:12
546,1.0033843979168489,1.1179642773154943,-180.0,90.0,2020-12-11 12:12:12
547,1.0000571142032935,1.1162012684432043,-180.0,90.0,2020-12-11 12:12:12
548,1.0274775212868348,1.1155577324619954,-180.0,90.0,2020-12-11 12:12:12
549,1.070357667729898,1.1148932312298916,-180.0,90.0,2020-12-11 12:12:12
550,1.163898332642953,1.1148215510965889,-180.0,90.0,2020-12-11 12:12:12
551,1.1407312604699984,1.1146021084513231,-180.0,90.0,2020-12-11 12:12:12
552,1.0000353660294738,1.113921839895225,-180.0,90.0,2020-12-11 12:12:12
553,1.123546505255039,1.1132625095016262,-180.0,90.0,2020-12-11 12:12:12
554,1.1618051551322035,1.113076370052195,-180.0,90.0,2020-12-11 12:12:12
555,1.1684565836516252,1.1129918972354629,-180.0,90.0,2020-12-11 12:12:12
556,1.3550483149885086,1.1091365595068419,-180.0,90.0,2020-12-11 12:12:12
557,1.0044588257214935,1.1076164955108811,-180.0,90.0,2020-12-11 12:12:12
558,1.1160755557823463,1.1072183739440706,-180.0,90.0,2020-12-11 12:12:12
559,1.3291509101719243,1.1060034666049363,-180.0,90.0,2020-12-11 12:12:12
560,1.0479489777293904,1.1057034753909005,-180.0,90.0,2020-12-11 12:12:12
561,1.1179271455438209,1.1049886327241378,-180.0,90.0,2020-12-11 12:12:12
562,1.2084477909940534,1.1041130469948661,-180.0,90.0,2020-12-11 12:12:12
563,1.0295395081464445,1.103691612712591,-180.0,90.0,2020-12-11 12:12:12
564,1.0338741367655895,1.1035409013299387,-180.0,90.0,2020-12-11 12:12:12
565,1.017351010752618,1.1022723853110397,-180.0,90.0,2020-12-11 12:12:12
566,1.0316321675070976,1.1016012371000479,-180.0,90.0,2020-12-11 12:12:12
567,1.0016616317362306,1.1013065372547726,-180.0,90.0,2020-12-11 12:12:12
568,1.036337971683579,1.0996554638650593,-180.0,90.0,2020-12-11 12:12:12
569,1.0337493337095225,1.0986045184584177,-180.0,90.0,2020-12-11 12:12:12
570,1.0322160072371669,1.0985717498935927,-180.0,90.0,2020-12-11 12:12:12
571,1.317292766347521,1.0973410055114097,-180.0,90.0,2020-12-11 12:12:12
572,1.054719772941099,1.0943058453845698,-180.0,90.0,2020-12-11 12:12:12
573,1.0240266890575285,1.091006209907919,-180.0,90.0,2020-12-11 12:12:12
574,1.1430486699600724,1.0895075637110208,-180.0,90.0,2020-12-11 12:12:12
575,1.0345774345413252,1.0861339195302162,-180.0,90.0,2020-12-11 12:12:12
576,1.0870918065634647,1.0802190534190337,-180.0,90.0,2020-12-11 12:12:12
577,1.0005776910273796,1.0801112506887016,-180.0,90.0,2020-12-11 12:12:12
578,1.0007037509947287,1.0780751101571764,-180.0,90.0,2020-12-11 12:12:12
579,1.171891189479676,1.0776779846909021,-180.0,90.0,2020-12-11 12:12:12
580,1.0006710784189952,1.0774092526346073,-180.0,90.0,2020-12-11 12:12:12
581,1.189472657095599,1.0762454546128988,-180.0,90.0,2020-12-11 12:12:12
582,1.0183889046190424,1.0757024082617417,-180.0,90.0,2020-12-11 12:12:12
583,1.1191854217968655,1.074193267632722,-180.0,90.0,2020-12-11 12:12:12
584,1.0673892062860313,1.0734137391982679,-180.0,90.0,2020-12-11 12:12:12
585,1.1386961561248412,1.073265438086537,-180.0,90.0,2020-12-11 12:12:12
586,1.0003873483343053,1.0726930796777914,-180.0,90.0,2020-12-11 12:12:12
587,1.0155023422651188,1.0724661199029009,-180.0,90.0,2020-12-11 12:12:12
588,1.1066885415223515,1.0714167147803677,-180.0,90.0,2020-12-11 12:12:12
589,1.0044343954237762,1.0701415016362283,-180.0,90.0,2020-12-11 12:12:12
590,1.0275398628132635,1.0689113544386397,-180.0,90.0,2020-12-11 12:12:12
591,1.092053466528694,1.068455572398419,-180.0,90.0,2020-12-11 12:12:12
592,1.1638799100527482,1.0658950882819367,-180.0,90.0,2020-12-11 12:12:12
593,1.000056477072025,1.064264044092404,-180.0,90.0,2020-12-11 12:12:12
594,1.0523392720554712,1.063514425955665,-180.0,90.0,2020-12-11 12:12:12
595,1.1494654346315072,1.063146880877148,-180.0,90.0,2020-12-11 12:12:12
596,1.044116661248154,1.0626963828785256,-180.0,90.0,2020-12-11 12:12:12
597,1.087467527664296,1.0610173652297636,-180.0,90.0,2020-12-11 12:12:12
598,1.107262713516608,1.0610116090557489,-180.0,90.0,2020-12-11 12:12:12
599,1.1122804741485395,1.0572037611542617,-180.0,90.0,2020-12-11 12:12:12
600,1.0384884033535495,1.0553849459642994,-180.0,90.0,2020-12-11 12:12:12
601,1.0442736695371653,1.0552208689502718,-180.0,90.0,2020-12-11 12:12:12
602,1.1002388599416153,1.0547098671256423,-180.0,90.0,2020-12-11 12:12:12
603,1.0216921147106663,1.0527488536452567,-180.0,90.0,2020-12-11 12:12:12
604,1.0430148696710866,1.0485611878106962,-180.0,90.0,2020-12-11 12:12:12
605,1.0721763153326145,1.0478763261321766,-180.0,90.0,2020-12-11 12:12:12
606,1.026072241043015,1.039805715316478,-180.0,90.0,2020-12-11 12:12:12
607,1.0071713551806247,1.0386496266624077,-180.0,90.0,2020-12-11 12:12:12
608,1.0228133043635146,1.03793961303364,-180.0,90.0,2020-12-11 12:12:12
609,1.0139315748528288,1.0351243535644203,-180.0,90.0,2020-12-11 12:12:12
610,1.0114377717899956,1.0337891220995137,-180.0,90.0,2020-12-11 12:12:12
611,1.0012561093873313,1.0332849232604115,-180.0,90.0,2020-12-11 12:12:12
612,1.0133145531462566,1.032533526607788,-180.0,90.0,2020-12-11 12:12:12
613,1.0024348804019692,1.0324188549911988,-180.0,90.0,2020-12-11 12:12:12
